10,20,30,40,50,60,70,80,90,100,110,120,130,140,150,160,170,180,190,200,210,220,230,240,250,260,270,280,290,300,310,320,330,340,350,360,370
1,2,3,4,5,6,7,8,9,10,11,12,13,14,15,16,17,18,19,20,21,22,23,24,25,26,27,28,29,30,31,32,33,34,35,36,37
0,0,0,0,0,0,0,0,0,0,0,2,2,2,2,2,2,2,2,2,2,2,2,2,2,2,2,2,2,2,2,2,2,4,4,4,5
2,2,2,2,2,2,2,2,2,2,2,2,2,2,2,2,2,2,2,2,2,2,4,4,4,4,4,4,4,4,4,4,4,4,4,4,5
1,2,3,4,5
3
1315,1517,171930,192130
1,2,3,4,5,6,7,8,9,10
-10,1
-20,2
-30,3
-40,4
-50,5
-60,6
-70,7
-80,8
-90,9
-100,10
-110,11
-120,12
-130,13
-140,14
-150,15
-160,16
-170,17
-180,18
-190,19
-200,20
-210,21
-220,22
-230,23
-240,24
-250,25
-260,26
-270,27
-280,28
-290,29
-300,30
-310,31
-320,32
-330,33
-340,34
-350,35
-360,36
-370,37
*10,1,2
*20,2,4
*30,2,3,1,4
*40,1,4,3
*50,4,5
*60,5,3,1
*70,5,3
*80,5,3
*90,4,2
*100,5,4,2
*110,5,2,3
*120,3,2
*130,1,5,4
*140,1,4,2
*150,3,5
*160,2,1
*170,3,5,2
*180,4,1,3
*190,3,5,1
*200,3,2,1
*210,3,1,5
*220,4,2
*230,2,4
*240,4,5,3,1
*250,1,3,5
*260,3,4
*270,5,3,2
*280,4
*290,2,3
*300,2,5,1
*310,4,5,2,3
*320,3,4
*330,1,3
*340,3
*350,1,5
*360,5,4,1
*370,4,5,3
>10,2
>20,2
>30,2
>40,2
>50,2
>60,2
>70,2
>80,2
>90,2
>100,2
>110,2
>120,4
>130,4
>140,4
>150,4
>160,4
>170,4
>180,4
>190,4
>200,4
>210,4
>220,4
>230,6
>240,6
>250,6
>260,6
>270,6
>280,6
>290,6
>300,6
>310,6
>320,6
>330,6
>340,8
>350,8
>360,8
>370,10
