10,20,30,40,50,60,70,80,90,100,110,120,130,140,150,160,170,180,190,200,210,220,230,240,250,260,270,280,290,300,310,320,330,340,350,360,370,380,390,400,410,420,430
1,2,3,4,5,6,7,8,9,10,11,12,13,14,15,16,17,18,19,20,21,22,23,24,25,26,27,28,29,30,31,32,33,34,35,36,37,38,39,40,41,42,43
0,0,0,0,0,0,0,0,0,0,0,0,2,2,2,2,2,2,2,2,2,2,2,2,2,2,2,2,2,2,2,2,2,2,2,2,4,4,4,4,5,5,5
2,2,2,2,2,2,2,2,2,2,2,2,2,2,2,2,2,2,2,2,2,2,2,2,4,4,4,4,4,4,4,4,4,4,4,4,4,4,4,4,5,5,5
1,2,3,4,5
3
1315,1517,171930,192130
1,2,3,4,5,6,7,8,9,10
-10,1
-20,2
-30,3
-40,4
-50,5
-60,6
-70,7
-80,8
-90,9
-100,10
-110,11
-120,12
-130,13
-140,14
-150,15
-160,16
-170,17
-180,18
-190,19
-200,20
-210,21
-220,22
-230,23
-240,24
-250,25
-260,26
-270,27
-280,28
-290,29
-300,30
-310,31
-320,32
-330,33
-340,34
-350,35
-360,36
-370,37
-380,38
-390,39
-400,40
-410,41
-420,42
-430,43
*10,2,5,1,3
*20,2,1,5,3
*30,3,5,1
*40,2,1,4
*50,3,4
*60,2,3,5
*70,2,1
*80,4,3
*90,4,2,3,5
*100,3
*110,1,3,2
*120,5,2
*130,2,5
*140,5,4,2
*150,1,2
*160,1,2
*170,1,2,5
*180,5
*190,4
*200,1,2
*210,2,5,4,1
*220,3,2
*230,2,4
*240,4,2
*250,1,3
*260,2,5,4
*270,4,2
*280,4,2
*290,4,2
*300,2,3
*310,4,2
*320,2,5
*330,5,4,1
*340,3,4
*350,1,2,3
*360,2,3
*370,4,2
*380,4,5,3
*390,1,4
*400,1,3,5
*410,2,5
*420,1,3,5,2
*430,3,1
>10,2
>20,2
>30,2
>40,2
>50,2
>60,2
>70,2
>80,2
>90,2
>100,2
>110,2
>120,2
>130,4
>140,4
>150,4
>160,4
>170,4
>180,4
>190,4
>200,4
>210,4
>220,4
>230,4
>240,4
>250,6
>260,6
>270,6
>280,6
>290,6
>300,6
>310,6
>320,6
>330,6
>340,6
>350,6
>360,6
>370,8
>380,8
>390,8
>400,8
>410,10
>420,10
>430,10
