10,20,30,40,50,60,70,80,90,100,110,120,130,140,150,160,170,180,190,200,210,220,230,240,250,260,270,280,290,300,310,320,330,340,350,360,370,380,390,400,410,420,430,440,450,460
1,2,3,4,5,6,7,8,9,10,11,12,13,14,15,16,17,18,19,20,21,22,23,24,25,26,27,28,29,30,31,32,33,34,35,36,37,38,39,40,41,42,43,44,45,46
0,0,0,0,0,0,0,0,0,0,0,0,0,2,2,2,2,2,2,2,2,2,2,2,2,2,2,2,2,2,2,2,2,2,2,2,2,2,2,4,4,4,4,5,5,5
2,2,2,2,2,2,2,2,2,2,2,2,2,2,2,2,2,2,2,2,2,2,2,2,2,2,4,4,4,4,4,4,4,4,4,4,4,4,4,4,4,4,4,5,5,5
1,2,3,4,5
2
1315,1517,171930,192130
1,2,3,4,5,6,7,8,9,10
-10,1
-20,2
-30,3
-40,4
-50,5
-60,6
-70,7
-80,8
-90,9
-100,10
-110,11
-120,12
-130,13
-140,14
-150,15
-160,16
-170,17
-180,18
-190,19
-200,20
-210,21
-220,22
-230,23
-240,24
-250,25
-260,26
-270,27
-280,28
-290,29
-300,30
-310,31
-320,32
-330,33
-340,34
-350,35
-360,36
-370,37
-380,38
-390,39
-400,40
-410,41
-420,42
-430,43
-440,44
-450,45
-460,46
*10,5,4,3
*20,5,1
*30,1,5,2
*40,1,5
*50,5,1,2
*60,1
*70,5,2
*80,2,1
*90,2,5,1
*100,5,1,2
*110,4,3
*120,2,4
*130,4,5,1
*140,5,3
*150,4,1
*160,2,4,3
*170,2,5
*180,1,3,2,4
*190,4,2,1
*200,3,1
*210,5
*220,4,3
*230,3,5
*240,4,5
*250,5,4
*260,4,3
*270,3,4,2
*280,4,5,2
*290,2,5,1
*300,4,2,5
*310,2,1,5
*320,1,5
*330,4,1
*340,4,1
*350,2
*360,4,3
*370,5,2
*380,5,3,4,1
*390,1,3,4
*400,1,5,3
*410,5,3
*420,5,1
*430,2,4
*440,1,3
*450,4,5
*460,1,5
>10,2
>20,2
>30,2
>40,2
>50,2
>60,2
>70,2
>80,2
>90,2
>100,2
>110,2
>120,2
>130,2
>140,4
>150,4
>160,4
>170,4
>180,4
>190,4
>200,4
>210,4
>220,4
>230,4
>240,4
>250,4
>260,4
>270,6
>280,6
>290,6
>300,6
>310,6
>320,6
>330,6
>340,6
>350,6
>360,6
>370,6
>380,6
>390,6
>400,8
>410,8
>420,8
>430,8
>440,10
>450,10
>460,10
