10,20,30,40,50,60,70,80,90,100,110,120,130,140,150,160,170,180,190,200,210,220,230,240,250,260,270,280,290,300,310,320,330,340,350,360,370,380,390,400,410,420,430,440,450,460,470,480,490
1,2,3,4,5,6,7,8,9,10,11,12,13,14,15,16,17,18,19,20,21,22,23,24,25,26,27,28,29,30,31,32,33,34,35,36,37,38,39,40,41,42,43,44,45,46,47,48,49
0,0,0,0,0,0,0,0,0,0,0,0,0,0,2,2,2,2,2,2,2,2,2,2,2,2,2,2,2,2,2,2,2,2,2,2,2,2,2,2,2,2,4,4,4,4,5,5,5
2,2,2,2,2,2,2,2,2,2,2,2,2,2,2,2,2,2,2,2,2,2,2,2,2,2,2,2,4,4,4,4,4,4,4,4,4,4,4,4,4,4,4,4,4,4,5,5,5
1,2,3,4,5
1
1315,1517,171930,192130
1,2,3,4,5,6,7,8,9,10
-10,1
-20,2
-30,3
-40,4
-50,5
-60,6
-70,7
-80,8
-90,9
-100,10
-110,11
-120,12
-130,13
-140,14
-150,15
-160,16
-170,17
-180,18
-190,19
-200,20
-210,21
-220,22
-230,23
-240,24
-250,25
-260,26
-270,27
-280,28
-290,29
-300,30
-310,31
-320,32
-330,33
-340,34
-350,35
-360,36
-370,37
-380,38
-390,39
-400,40
-410,41
-420,42
-430,43
-440,44
-450,45
-460,46
-470,47
-480,48
-490,49
*10,1,4
*20,5,3
*30,1,5,2,3
*40,2,5
*50,1
*60,1,5,3
*70,5,1
*80,2,3
*90,2,3
*100,4,5,3
*110,1,2
*120,3,4
*130,3,4,2
*140,5,4
*150,1,2
*160,2,4
*170,1
*180,4,5,2
*190,5,3
*200,5,4,2
*210,2,5
*220,1,2,3
*230,3,2
*240,2
*250,4
*260,1,2,5
*270,3,2,5
*280,1
*290,2,4
*300,1,3
*310,1
*320,4,3
*330,3,1,5
*340,5,3,2
*350,5,2,1
*360,5,2
*370,5,3,2
*380,1,3
*390,3,1,4
*400,1,2
*410,2
*420,3,4
*430,5,3
*440,1,2,5
*450,4,3
*460,4,1,3
*470,3,5,4
*480,1,2
*490,2,5,1
>10,2
>20,2
>30,2
>40,2
>50,2
>60,2
>70,2
>80,2
>90,2
>100,2
>110,2
>120,2
>130,2
>140,2
>150,4
>160,4
>170,4
>180,4
>190,4
>200,4
>210,4
>220,4
>230,4
>240,4
>250,4
>260,4
>270,4
>280,4
>290,6
>300,6
>310,6
>320,6
>330,6
>340,6
>350,6
>360,6
>370,6
>380,6
>390,6
>400,6
>410,6
>420,6
>430,8
>440,8
>450,8
>460,8
>470,10
>480,10
>490,10
