10,20,30,40,50,60,70,80,90,100,110,120,130,140,150,160,170,180,190,200,210,220,230,240,250,260,270,280,290,300,310,320,330,340,350,360,370,380,390,400,410,420,430,440,450,460,470,480,490,500,510,520
1,2,3,4,5,6,7,8,9,10,11,12,13,14,15,16,17,18,19,20,21,22,23,24,25,26,27,28,29,30,31,32,33,34,35,36,37,38,39,40,41,42,43,44,45,46,47,48,49,50,51,52
0,0,0,0,0,0,0,0,0,0,0,0,0,0,0,2,2,2,2,2,2,2,2,2,2,2,2,2,2,2,2,2,2,2,2,2,2,2,2,2,2,2,2,2,2,4,4,4,4,4,5,5
2,2,2,2,2,2,2,2,2,2,2,2,2,2,2,2,2,2,2,2,2,2,2,2,2,2,2,2,2,2,4,4,4,4,4,4,4,4,4,4,4,4,4,4,4,4,4,4,4,4,5,5
1,2,3,4,5
3
1315,1517,171930,192130
1,2,3,4,5,6,7,8,9,10
-10,1
-20,2
-30,3
-40,4
-50,5
-60,6
-70,7
-80,8
-90,9
-100,10
-110,11
-120,12
-130,13
-140,14
-150,15
-160,16
-170,17
-180,18
-190,19
-200,20
-210,21
-220,22
-230,23
-240,24
-250,25
-260,26
-270,27
-280,28
-290,29
-300,30
-310,31
-320,32
-330,33
-340,34
-350,35
-360,36
-370,37
-380,38
-390,39
-400,40
-410,41
-420,42
-430,43
-440,44
-450,45
-460,46
-470,47
-480,48
-490,49
-500,50
-510,51
-520,52
*10,5
*20,3,5
*30,2,1
*40,3,4
*50,5,2
*60,5,3,4
*70,5,2
*80,3,1,4
*90,2,4,1
*100,4,1
*110,4,2,3
*120,5,1,3
*130,2,4
*140,1,2,3
*150,1,5
*160,5,3,1
*170,5,1
*180,3,4
*190,5,2,4
*200,4,1,3
*210,2,5
*220,2,3
*230,3,2,1
*240,2,1
*250,1
*260,3,5
*270,3,1,2
*280,1,5,2
*290,5,1,2
*300,1,3
*310,4,3,2
*320,3,5,4
*330,2,1
*340,5,4,2
*350,5,3
*360,1,2,5
*370,5,1,2
*380,1,2
*390,2,3
*400,1,2
*410,3,1,2,4
*420,5,4
*430,2,4,5
*440,3,4,1,2
*450,2,3
*460,5,3,2,1
*470,1,5,2
*480,4,5
*490,5,1,3
*500,2,1,5
*510,2,5,1,4
*520,5,3
>10,2
>20,2
>30,2
>40,2
>50,2
>60,2
>70,2
>80,2
>90,2
>100,2
>110,2
>120,2
>130,2
>140,2
>150,2
>160,4
>170,4
>180,4
>190,4
>200,4
>210,4
>220,4
>230,4
>240,4
>250,4
>260,4
>270,4
>280,4
>290,4
>300,4
>310,6
>320,6
>330,6
>340,6
>350,6
>360,6
>370,6
>380,6
>390,6
>400,6
>410,6
>420,6
>430,6
>440,6
>450,6
>460,8
>470,8
>480,8
>490,8
>500,8
>510,10
>520,10
