10,20,30,40,50,60,70,80,90,100,110,120,130,140,150,160,170,180,190,200,210,220,230,240,250,260,270,280,290,300,310,320,330,340,350,360,370,380,390,400,410,420,430,440,450,460,470,480,490,500,510,520,530,540,550
1,2,3,4,5,6,7,8,9,10,11,12,13,14,15,16,17,18,19,20,21,22,23,24,25,26,27,28,29,30,31,32,33,34,35,36,37,38,39,40,41,42,43,44,45,46,47,48,49,50,51,52,53,54,55
0,0,0,0,0,0,0,0,0,0,0,0,0,0,0,0,2,2,2,2,2,2,2,2,2,2,2,2,2,2,2,2,2,2,2,2,2,2,2,2,2,2,2,2,2,2,2,2,4,4,4,4,4,5,5
2,2,2,2,2,2,2,2,2,2,2,2,2,2,2,2,2,2,2,2,2,2,2,2,2,2,2,2,2,2,2,2,4,4,4,4,4,4,4,4,4,4,4,4,4,4,4,4,4,4,4,4,4,5,5
1,2,3,4,5
5
1315,1517,171930,192130
1,2,3,4,5,6,7,8,9,10
-10,1
-20,2
-30,3
-40,4
-50,5
-60,6
-70,7
-80,8
-90,9
-100,10
-110,11
-120,12
-130,13
-140,14
-150,15
-160,16
-170,17
-180,18
-190,19
-200,20
-210,21
-220,22
-230,23
-240,24
-250,25
-260,26
-270,27
-280,28
-290,29
-300,30
-310,31
-320,32
-330,33
-340,34
-350,35
-360,36
-370,37
-380,38
-390,39
-400,40
-410,41
-420,42
-430,43
-440,44
-450,45
-460,46
-470,47
-480,48
-490,49
-500,50
-510,51
-520,52
-530,53
-540,54
-550,55
*10,1,3,2,5
*20,3,2,5
*30,3,1,4
*40,5,4
*50,5,4
*60,5,1
*70,4,5,1
*80,2,5,3
*90,3,4,5,2
*100,4
*110,1,2
*120,2,5,1
*130,2,4,1
*140,5,1
*150,5,3
*160,5,1
*170,4,1,5
*180,1,5,3,4
*190,2,4,3
*200,4,3,2
*210,3,4
*220,4,2,1,3
*230,1,3
*240,2,5
*250,1,4
*260,2,1
*270,3,1,5
*280,4
*290,1,4
*300,2,5,3,1
*310,3,4
*320,4,3
*330,5,1,4,2
*340,2,5
*350,5,4
*360,1,2,3
*370,4,2,1
*380,4,1,2
*390,1,4
*400,1,5
*410,2,5,1
*420,2
*430,3,5
*440,5,4,1
*450,5,2,4
*460,4,2
*470,4,2,5
*480,2
*490,3,2,1
*500,5,3,4
*510,5,3
*520,5,1
*530,3,5
*540,1,4
*550,4,5
>10,2
>20,2
>30,2
>40,2
>50,2
>60,2
>70,2
>80,2
>90,2
>100,2
>110,2
>120,2
>130,2
>140,2
>150,2
>160,2
>170,4
>180,4
>190,4
>200,4
>210,4
>220,4
>230,4
>240,4
>250,4
>260,4
>270,4
>280,4
>290,4
>300,4
>310,4
>320,4
>330,6
>340,6
>350,6
>360,6
>370,6
>380,6
>390,6
>400,6
>410,6
>420,6
>430,6
>440,6
>450,6
>460,6
>470,6
>480,6
>490,8
>500,8
>510,8
>520,8
>530,8
>540,10
>550,10
