10,20,30,40,50,60,70,80,90,100,110,120,130,140,150,160,170,180,190,200,210,220,230,240,250,260,270,280,290,300,310,320,330,340,350,360,370,380,390,400,410,420,430,440,450,460,470,480,490,500,510,520,530,540,550,560,570,580
1,2,3,4,5,6,7,8,9,10,11,12,13,14,15,16,17,18,19,20,21,22,23,24,25,26,27,28,29,30,31,32,33,34,35,36,37,38,39,40,41,42,43,44,45,46,47,48,49,50,51,52,53,54,55,56,57,58
0,0,0,0,0,0,0,0,0,0,0,0,0,0,0,0,0,2,2,2,2,2,2,2,2,2,2,2,2,2,2,2,2,2,2,2,2,2,2,2,2,2,2,2,2,2,2,2,2,2,2,4,4,4,4,4,5,5
2,2,2,2,2,2,2,2,2,2,2,2,2,2,2,2,2,2,2,2,2,2,2,2,2,2,2,2,2,2,2,2,2,2,4,4,4,4,4,4,4,4,4,4,4,4,4,4,4,4,4,4,4,4,4,4,5,5
1,2,3,4,5
5
1315,1517,171930,192130
1,2,3,4,5,6,7,8,9,10
-10,1
-20,2
-30,3
-40,4
-50,5
-60,6
-70,7
-80,8
-90,9
-100,10
-110,11
-120,12
-130,13
-140,14
-150,15
-160,16
-170,17
-180,18
-190,19
-200,20
-210,21
-220,22
-230,23
-240,24
-250,25
-260,26
-270,27
-280,28
-290,29
-300,30
-310,31
-320,32
-330,33
-340,34
-350,35
-360,36
-370,37
-380,38
-390,39
-400,40
-410,41
-420,42
-430,43
-440,44
-450,45
-460,46
-470,47
-480,48
-490,49
-500,50
-510,51
-520,52
-530,53
-540,54
-550,55
-560,56
-570,57
-580,58
*10,1,2,5
*20,5,1
*30,3,4
*40,2,4
*50,1,3,5
*60,1,2,4
*70,2
*80,4,3,1
*90,3,2
*100,3,2,5
*110,2,3,5
*120,5,2,3
*130,3,1,4
*140,1,2,4
*150,5,2,1
*160,2,1,4
*170,5
*180,2,4
*190,3,1
*200,4,3
*210,2,3
*220,3,4,5
*230,5,3
*240,2,4
*250,2
*260,1,3
*270,4,3
*280,4,3
*290,3,1
*300,3,2
*310,5,2
*320,1,2
*330,5,3,4
*340,3,4
*350,5,2,3
*360,5
*370,2,4
*380,5,2
*390,1,3,4,2
*400,5,3,1
*410,2,1,5
*420,5,3
*430,5,3,2
*440,3
*450,5,4
*460,5,1,3
*470,5,4,2
*480,3,5,2,4
*490,1,3
*500,3,5,2
*510,1,4
*520,4,5
*530,2,1
*540,3,1,4
*550,2,5,1,3
*560,5,4,3
*570,2,5
*580,5,2
>10,2
>20,2
>30,2
>40,2
>50,2
>60,2
>70,2
>80,2
>90,2
>100,2
>110,2
>120,2
>130,2
>140,2
>150,2
>160,2
>170,2
>180,4
>190,4
>200,4
>210,4
>220,4
>230,4
>240,4
>250,4
>260,4
>270,4
>280,4
>290,4
>300,4
>310,4
>320,4
>330,4
>340,4
>350,6
>360,6
>370,6
>380,6
>390,6
>400,6
>410,6
>420,6
>430,6
>440,6
>450,6
>460,6
>470,6
>480,6
>490,6
>500,6
>510,6
>520,8
>530,8
>540,8
>550,8
>560,8
>570,10
>580,10
