10,20,30,40,50,60,70,80,90,100,110,120,130,140,150,160,170,180,190,200,210,220,230,240,250,260,270,280,290,300,310,320,330,340,350,360,370,380,390,400,410,420,430,440,450,460,470,480,490,500,510,520,530,540,550,560,570,580,590,600,610,620,630,640
1,2,3,4,5,6,7,8,9,10,11,12,13,14,15,16,17,18,19,20,21,22,23,24,25,26,27,28,29,30,31,32,33,34,35,36,37,38,39,40,41,42,43,44,45,46,47,48,49,50,51,52,53,54,55,56,57,58,59,60,61,62,63,64
0,0,0,0,0,0,0,0,0,0,0,0,0,0,0,0,0,0,0,2,2,2,2,2,2,2,2,2,2,2,2,2,2,2,2,2,2,2,2,2,2,2,2,2,2,2,2,2,2,2,2,2,2,2,2,2,2,4,4,4,4,4,4,5
2,2,2,2,2,2,2,2,2,2,2,2,2,2,2,2,2,2,2,2,2,2,2,2,2,2,2,2,2,2,2,2,2,2,2,2,2,2,4,4,4,4,4,4,4,4,4,4,4,4,4,4,4,4,4,4,4,4,4,4,4,4,4,5
1,2,3,4,5
2
1315,1517,171930,192130
1,2,3,4,5,6,7,8,9,10
-10,1
-20,2
-30,3
-40,4
-50,5
-60,6
-70,7
-80,8
-90,9
-100,10
-110,11
-120,12
-130,13
-140,14
-150,15
-160,16
-170,17
-180,18
-190,19
-200,20
-210,21
-220,22
-230,23
-240,24
-250,25
-260,26
-270,27
-280,28
-290,29
-300,30
-310,31
-320,32
-330,33
-340,34
-350,35
-360,36
-370,37
-380,38
-390,39
-400,40
-410,41
-420,42
-430,43
-440,44
-450,45
-460,46
-470,47
-480,48
-490,49
-500,50
-510,51
-520,52
-530,53
-540,54
-550,55
-560,56
-570,57
-580,58
-590,59
-600,60
-610,61
-620,62
-630,63
-640,64
*10,3,5
*20,3,2
*30,3,4,5
*40,3,2,4
*50,4,5,2
*60,2,5
*70,1,3,4
*80,1
*90,5,3,1
*100,3,1,4
*110,3,5
*120,5,3
*130,4,2,3
*140,1,2
*150,4,1,2
*160,3,4
*170,2
*180,4,5
*190,1,3,2
*200,5,3,2
*210,5,1
*220,1,5
*230,1,2
*240,5,4,3
*250,2,1
*260,2,5
*270,2,5
*280,3,1
*290,1,4
*300,4,2
*310,1,4
*320,3,4
*330,3,4
*340,4,3
*350,2,4,1
*360,1,5,2
*370,2,4
*380,4,2
*390,4,2,3,1
*400,1,3
*410,3,4,5
*420,2,3,5
*430,1
*440,1,5,3
*450,3,1,4
*460,3,2
*470,1,3
*480,2,3
*490,4,3
*500,3,5
*510,3,5,2
*520,5,2
*530,4,2
*540,5,2,3,4
*550,2,4
*560,1
*570,1,2
*580,1,4
*590,3,5
*600,4
*610,5,3
*620,4,5
*630,2,3
*640,4,1,5
>10,2
>20,2
>30,2
>40,2
>50,2
>60,2
>70,2
>80,2
>90,2
>100,2
>110,2
>120,2
>130,2
>140,2
>150,2
>160,2
>170,2
>180,2
>190,2
>200,4
>210,4
>220,4
>230,4
>240,4
>250,4
>260,4
>270,4
>280,4
>290,4
>300,4
>310,4
>320,4
>330,4
>340,4
>350,4
>360,4
>370,4
>380,4
>390,6
>400,6
>410,6
>420,6
>430,6
>440,6
>450,6
>460,6
>470,6
>480,6
>490,6
>500,6
>510,6
>520,6
>530,6
>540,6
>550,6
>560,6
>570,6
>580,8
>590,8
>600,8
>610,8
>620,8
>630,8
>640,10
