10,20,30,40,50,60,70,80,90,100,110,120,130,140,150,160,170,180,190,200,210,220,230,240,250,260,270,280,290,300,310,320,330,340,350,360,370,380,390,400,410,420,430,440,450,460,470,480,490,500,510,520,530,540,550,560,570,580,590,600,610,620,630,640,650,660,670
1,2,3,4,5,6,7,8,9,10,11,12,13,14,15,16,17,18,19,20,21,22,23,24,25,26,27,28,29,30,31,32,33,34,35,36,37,38,39,40,41,42,43,44,45,46,47,48,49,50,51,52,53,54,55,56,57,58,59,60,61,62,63,64,65,66,67
0,0,0,0,0,0,0,0,0,0,0,0,0,0,0,0,0,0,0,0,2,2,2,2,2,2,2,2,2,2,2,2,2,2,2,2,2,2,2,2,2,2,2,2,2,2,2,2,2,2,2,2,2,2,2,2,2,2,2,2,4,4,4,4,4,4,5
2,2,2,2,2,2,2,2,2,2,2,2,2,2,2,2,2,2,2,2,2,2,2,2,2,2,2,2,2,2,2,2,2,2,2,2,2,2,2,2,4,4,4,4,4,4,4,4,4,4,4,4,4,4,4,4,4,4,4,4,4,4,4,4,4,4,5
1,2,3,4,5
1
1315,1517,171930,192130
1,2,3,4,5,6,7,8,9,10
-10,1
-20,2
-30,3
-40,4
-50,5
-60,6
-70,7
-80,8
-90,9
-100,10
-110,11
-120,12
-130,13
-140,14
-150,15
-160,16
-170,17
-180,18
-190,19
-200,20
-210,21
-220,22
-230,23
-240,24
-250,25
-260,26
-270,27
-280,28
-290,29
-300,30
-310,31
-320,32
-330,33
-340,34
-350,35
-360,36
-370,37
-380,38
-390,39
-400,40
-410,41
-420,42
-430,43
-440,44
-450,45
-460,46
-470,47
-480,48
-490,49
-500,50
-510,51
-520,52
-530,53
-540,54
-550,55
-560,56
-570,57
-580,58
-590,59
-600,60
-610,61
-620,62
-630,63
-640,64
-650,65
-660,66
-670,67
*10,4,3
*20,5,4
*30,4,2
*40,4,2
*50,4,1,3,5
*60,1,4
*70,5,2
*80,2,5,3
*90,4,1,2
*100,5
*110,1,3,5
*120,4,2,5
*130,2,3,4
*140,5,1,2
*150,3,5,1
*160,2
*170,5
*180,1,5
*190,1,4,5
*200,3,1,5
*210,3,5,4,2
*220,5,2,4
*230,1,4,3
*240,2,4
*250,4,3
*260,2,1
*270,2,5
*280,1,3,4,5
*290,2,4,1
*300,5,4,3
*310,1,2,4
*320,5,3
*330,1,3,5
*340,5,1
*350,3,1,2
*360,3,5,2
*370,5,4,3
*380,2,5,4
*390,3,2,5
*400,1,3
*410,2,3
*420,4,1,2
*430,4,5
*440,1,5,3
*450,4,3
*460,1,3
*470,3,5
*480,4,1
*490,1,4
*500,5,3,2
*510,4,1,2
*520,5
*530,5,4
*540,3,2
*550,4,5,1
*560,3
*570,1,3
*580,5,3,4
*590,4,5
*600,1,3
*610,3,5
*620,5,2,3,1
*630,5,1
*640,2,1,3
*650,1,4,2,5
*660,1,5
*670,3,4,2
>10,2
>20,2
>30,2
>40,2
>50,2
>60,2
>70,2
>80,2
>90,2
>100,2
>110,2
>120,2
>130,2
>140,2
>150,2
>160,2
>170,2
>180,2
>190,2
>200,2
>210,4
>220,4
>230,4
>240,4
>250,4
>260,4
>270,4
>280,4
>290,4
>300,4
>310,4
>320,4
>330,4
>340,4
>350,4
>360,4
>370,4
>380,4
>390,4
>400,4
>410,6
>420,6
>430,6
>440,6
>450,6
>460,6
>470,6
>480,6
>490,6
>500,6
>510,6
>520,6
>530,6
>540,6
>550,6
>560,6
>570,6
>580,6
>590,6
>600,6
>610,8
>620,8
>630,8
>640,8
>650,8
>660,8
>670,10
