10,20,30,40,50,60,70,80,90,100,110,120,130,140,150,160,170,180,190,200,210,220,230,240,250,260,270,280,290,300,310,320,330,340,350,360,370,380,390,400,410,420,430,440,450,460,470,480,490,500,510,520,530,540,550,560,570,580,590,600,610,620,630,640,650,660,670,680,690,700
1,2,3,4,5,6,7,8,9,10,11,12,13,14,15,16,17,18,19,20,21,22,23,24,25,26,27,28,29,30,31,32,33,34,35,36,37,38,39,40,41,42,43,44,45,46,47,48,49,50,51,52,53,54,55,56,57,58,59,60,61,62,63,64,65,66,67,68,69,70
0,0,0,0,0,0,0,0,0,0,0,0,0,0,0,0,0,0,0,0,0,2,2,2,2,2,2,2,2,2,2,2,2,2,2,2,2,2,2,2,2,2,2,2,2,2,2,2,2,2,2,2,2,2,2,2,2,2,2,2,2,2,2,4,4,4,4,4,4,4
2,2,2,2,2,2,2,2,2,2,2,2,2,2,2,2,2,2,2,2,2,2,2,2,2,2,2,2,2,2,2,2,2,2,2,2,2,2,2,2,2,2,4,4,4,4,4,4,4,4,4,4,4,4,4,4,4,4,4,4,4,4,4,4,4,4,4,4,4,4
1,2,3,4,5
1
1315,1517,171930,192130
1,2,3,4,5,6,7,8,9,10
-10,1
-20,2
-30,3
-40,4
-50,5
-60,6
-70,7
-80,8
-90,9
-100,10
-110,11
-120,12
-130,13
-140,14
-150,15
-160,16
-170,17
-180,18
-190,19
-200,20
-210,21
-220,22
-230,23
-240,24
-250,25
-260,26
-270,27
-280,28
-290,29
-300,30
-310,31
-320,32
-330,33
-340,34
-350,35
-360,36
-370,37
-380,38
-390,39
-400,40
-410,41
-420,42
-430,43
-440,44
-450,45
-460,46
-470,47
-480,48
-490,49
-500,50
-510,51
-520,52
-530,53
-540,54
-550,55
-560,56
-570,57
-580,58
-590,59
-600,60
-610,61
-620,62
-630,63
-640,64
-650,65
-660,66
-670,67
-680,68
-690,69
-700,70
*10,5,1,4
*20,1,2
*30,1
*40,4,3,5
*50,3,5
*60,5,2,1
*70,1
*80,4,3
*90,3,4
*100,4,5
*110,4,5,2
*120,1,2
*130,5,3
*140,5,4,3,2
*150,1,2
*160,3,2,4,1
*170,3,4
*180,1,5
*190,1,4
*200,3,2,1
*210,4,3,5
*220,1,3
*230,5,4,2,3
*240,4,2
*250,5,2,3
*260,1,5,3
*270,2,4
*280,4,5
*290,3,1
*300,4,3
*310,4,1
*320,1,5,3
*330,1,4
*340,4,5
*350,2,1
*360,3,4,5,2
*370,2,4
*380,2,1
*390,4,1,5
*400,2,3
*410,4,5
*420,2,3
*430,4,1
*440,4,5,3
*450,1,4
*460,4,3,1
*470,5,3
*480,5,4
*490,2,5
*500,5,1
*510,2,4
*520,5,4
*530,5,3
*540,3,4,1
*550,5,1,3
*560,3,2
*570,4,5
*580,1
*590,4,5
*600,4,5,1
*610,3,5
*620,1,2
*630,1,3,4
*640,1,4
*650,5,1
*660,5,2,1
*670,2,1
*680,1,5
*690,5,4
*700,3,4,2,5
>10,2
>20,2
>30,2
>40,2
>50,2
>60,2
>70,2
>80,2
>90,2
>100,2
>110,2
>120,2
>130,2
>140,2
>150,2
>160,2
>170,2
>180,2
>190,2
>200,2
>210,2
>220,4
>230,4
>240,4
>250,4
>260,4
>270,4
>280,4
>290,4
>300,4
>310,4
>320,4
>330,4
>340,4
>350,4
>360,4
>370,4
>380,4
>390,4
>400,4
>410,4
>420,4
>430,6
>440,6
>450,6
>460,6
>470,6
>480,6
>490,6
>500,6
>510,6
>520,6
>530,6
>540,6
>550,6
>560,6
>570,6
>580,6
>590,6
>600,6
>610,6
>620,6
>630,6
>640,8
>650,8
>660,8
>670,8
>680,8
>690,8
>700,8
