10,20,30,40,50,60,70,80,90,100,110,120,130,140,150,160,170,180,190,200,210,220,230,240,250,260,270,280,290,300,310,320,330,340,350,360,370,380,390,400,410,420,430,440,450,460,470,480,490,500,510,520,530,540,550,560,570,580,590,600,610,620,630,640,650,660,670,680,690,700,710,720,730,740,750,760
1,2,3,4,5,6,7,8,9,10,11,12,13,14,15,16,17,18,19,20,21,22,23,24,25,26,27,28,29,30,31,32,33,34,35,36,37,38,39,40,41,42,43,44,45,46,47,48,49,50,51,52,53,54,55,56,57,58,59,60,61,62,63,64,65,66,67,68,69,70,71,72,73,74,75,76
0,0,0,0,0,0,0,0,0,0,0,0,0,0,0,0,0,0,0,0,0,0,2,2,2,2,2,2,2,2,2,2,2,2,2,2,2,2,2,2,2,2,2,2,2,2,2,2,2,2,2,2,2,2,2,2,2,2,2,2,2,2,2,2,2,2,4,4,4,4,4,4,4,5,5,5
2,2,2,2,2,2,2,2,2,2,2,2,2,2,2,2,2,2,2,2,2,2,2,2,2,2,2,2,2,2,2,2,2,2,2,2,2,2,2,2,2,2,2,2,4,4,4,4,4,4,4,4,4,4,4,4,4,4,4,4,4,4,4,4,4,4,4,4,4,4,4,4,4,5,5,5
1,2,3,4,5
5
1315,1517,171930,192130
1,2,3,4,5,6,7,8,9,10
-10,1
-20,2
-30,3
-40,4
-50,5
-60,6
-70,7
-80,8
-90,9
-100,10
-110,11
-120,12
-130,13
-140,14
-150,15
-160,16
-170,17
-180,18
-190,19
-200,20
-210,21
-220,22
-230,23
-240,24
-250,25
-260,26
-270,27
-280,28
-290,29
-300,30
-310,31
-320,32
-330,33
-340,34
-350,35
-360,36
-370,37
-380,38
-390,39
-400,40
-410,41
-420,42
-430,43
-440,44
-450,45
-460,46
-470,47
-480,48
-490,49
-500,50
-510,51
-520,52
-530,53
-540,54
-550,55
-560,56
-570,57
-580,58
-590,59
-600,60
-610,61
-620,62
-630,63
-640,64
-650,65
-660,66
-670,67
-680,68
-690,69
-700,70
-710,71
-720,72
-730,73
-740,74
-750,75
-760,76
*10,2,3
*20,4,5
*30,4,1,2
*40,3,2
*50,1,4,5
*60,4,3,5
*70,1,2
*80,3,1
*90,2,1,5
*100,1,5,4
*110,1
*120,1,4,3
*130,3,4,5
*140,5,4
*150,1,5,4
*160,1,2
*170,3,5,2
*180,1,2
*190,2,1
*200,3,1,2,5
*210,1,4
*220,3,4,2
*230,1,3,2
*240,4,5
*250,4,2,1
*260,5,1
*270,3,4,1,5
*280,2
*290,5
*300,1,3
*310,3,2
*320,1,2,5
*330,4,3
*340,5,2
*350,5,2
*360,2,4,5
*370,4,1,5
*380,2,1
*390,5
*400,1,4
*410,5,1,4
*420,1,3,5,2
*430,1,2,5,4
*440,1,5,4,2
*450,4,2
*460,1,3,4
*470,5
*480,5,1,2
*490,1,3
*500,1,5,4,2
*510,4,1,5
*520,2,3
*530,3,4,1
*540,4,1
*550,5,1
*560,2,5
*570,5
*580,4,5,2
*590,5,2
*600,1,4,2,5
*610,1,3
*620,3,4,2
*630,4,2
*640,1
*650,5
*660,1,3
*670,2,5
*680,3,5
*690,2,3,1
*700,5
*710,3,2
*720,3,4
*730,5,4
*740,3,4
*750,5,4
*760,4,1,5
>10,2
>20,2
>30,2
>40,2
>50,2
>60,2
>70,2
>80,2
>90,2
>100,2
>110,2
>120,2
>130,2
>140,2
>150,2
>160,2
>170,2
>180,2
>190,2
>200,2
>210,2
>220,2
>230,4
>240,4
>250,4
>260,4
>270,4
>280,4
>290,4
>300,4
>310,4
>320,4
>330,4
>340,4
>350,4
>360,4
>370,4
>380,4
>390,4
>400,4
>410,4
>420,4
>430,4
>440,4
>450,6
>460,6
>470,6
>480,6
>490,6
>500,6
>510,6
>520,6
>530,6
>540,6
>550,6
>560,6
>570,6
>580,6
>590,6
>600,6
>610,6
>620,6
>630,6
>640,6
>650,6
>660,6
>670,8
>680,8
>690,8
>700,8
>710,8
>720,8
>730,8
>740,10
>750,10
>760,10
