10,20,30,40,50,60,70,80,90,100,110,120,130,140,150,160,170,180,190,200,210,220,230,240,250,260,270,280,290,300,310,320,330,340,350,360,370,380,390,400,410,420,430,440,450,460,470,480,490,500,510,520,530,540,550,560,570,580,590,600,610,620,630,640,650,660,670,680,690,700,710,720,730,740,750,760,770,780,790
1,2,3,4,5,6,7,8,9,10,11,12,13,14,15,16,17,18,19,20,21,22,23,24,25,26,27,28,29,30,31,32,33,34,35,36,37,38,39,40,41,42,43,44,45,46,47,48,49,50,51,52,53,54,55,56,57,58,59,60,61,62,63,64,65,66,67,68,69,70,71,72,73,74,75,76,77,78,79
0,0,0,0,0,0,0,0,0,0,0,0,0,0,0,0,0,0,0,0,0,0,0,2,2,2,2,2,2,2,2,2,2,2,2,2,2,2,2,2,2,2,2,2,2,2,2,2,2,2,2,2,2,2,2,2,2,2,2,2,2,2,2,2,2,2,2,2,2,4,4,4,4,4,4,4,5,5,5
2,2,2,2,2,2,2,2,2,2,2,2,2,2,2,2,2,2,2,2,2,2,2,2,2,2,2,2,2,2,2,2,2,2,2,2,2,2,2,2,2,2,2,2,2,2,4,4,4,4,4,4,4,4,4,4,4,4,4,4,4,4,4,4,4,4,4,4,4,4,4,4,4,4,4,4,5,5,5
1,2,3,4,5
3
1315,1517,171930,192130
1,2,3,4,5,6,7,8,9,10
-10,1
-20,2
-30,3
-40,4
-50,5
-60,6
-70,7
-80,8
-90,9
-100,10
-110,11
-120,12
-130,13
-140,14
-150,15
-160,16
-170,17
-180,18
-190,19
-200,20
-210,21
-220,22
-230,23
-240,24
-250,25
-260,26
-270,27
-280,28
-290,29
-300,30
-310,31
-320,32
-330,33
-340,34
-350,35
-360,36
-370,37
-380,38
-390,39
-400,40
-410,41
-420,42
-430,43
-440,44
-450,45
-460,46
-470,47
-480,48
-490,49
-500,50
-510,51
-520,52
-530,53
-540,54
-550,55
-560,56
-570,57
-580,58
-590,59
-600,60
-610,61
-620,62
-630,63
-640,64
-650,65
-660,66
-670,67
-680,68
-690,69
-700,70
-710,71
-720,72
-730,73
-740,74
-750,75
-760,76
-770,77
-780,78
-790,79
*10,4,2,3
*20,4,1
*30,2,3,4
*40,4,5,3,2
*50,3,4
*60,3,5
*70,2,3,4
*80,1,2,3
*90,2,4
*100,5,4,1
*110,3,5,1
*120,4,1
*130,1,3
*140,4,3,5
*150,3,2
*160,1,4,5
*170,3,1
*180,3
*190,2,4,1
*200,5,1,2
*210,5,1,2
*220,5,1,2
*230,2,5
*240,3,1
*250,5,2
*260,4,2,5
*270,2,5,4
*280,4,3,2
*290,1,3,2,4
*300,3,5,1,2
*310,5,2
*320,1,5
*330,1
*340,2,3,4,1
*350,3,4,5
*360,4,1,2
*370,2,1
*380,1,4,5
*390,3,1
*400,1,2
*410,1,5
*420,2,5
*430,4,2,3
*440,4,5,3,1
*450,1,4,5
*460,5,2
*470,2,1
*480,1,2
*490,2,3,1
*500,2,5,1
*510,3,5
*520,4,5
*530,1,2,3,5
*540,3,2
*550,5,3
*560,3,4,1
*570,2,4,1
*580,3,4,1
*590,1,2,5
*600,2,1,3
*610,3,4
*620,4,2,3
*630,2,4
*640,5,1,2
*650,1,5
*660,3,4,1
*670,3,1,2,4
*680,4,1
*690,1,4
*700,3,4,1
*710,3,4,1
*720,5,4
*730,3,1,2
*740,2,1
*750,4
*760,4,2,3
*770,4,5
*780,2,3,5,4
*790,5,1
>10,2
>20,2
>30,2
>40,2
>50,2
>60,2
>70,2
>80,2
>90,2
>100,2
>110,2
>120,2
>130,2
>140,2
>150,2
>160,2
>170,2
>180,2
>190,2
>200,2
>210,2
>220,2
>230,2
>240,4
>250,4
>260,4
>270,4
>280,4
>290,4
>300,4
>310,4
>320,4
>330,4
>340,4
>350,4
>360,4
>370,4
>380,4
>390,4
>400,4
>410,4
>420,4
>430,4
>440,4
>450,4
>460,4
>470,6
>480,6
>490,6
>500,6
>510,6
>520,6
>530,6
>540,6
>550,6
>560,6
>570,6
>580,6
>590,6
>600,6
>610,6
>620,6
>630,6
>640,6
>650,6
>660,6
>670,6
>680,6
>690,6
>700,8
>710,8
>720,8
>730,8
>740,8
>750,8
>760,8
>770,10
>780,10
>790,10
