10,20,30,40,50,60,70,80,90,100,110,120,130,140,150,160,170,180,190,200,210,220,230,240,250,260,270,280,290,300,310,320,330,340,350,360,370,380,390,400,410,420,430,440,450,460,470,480,490,500,510,520,530,540,550,560,570,580,590,600,610,620,630,640,650,660,670,680,690,700,710,720,730,740,750,760,770,780,790,800,810,820,830,840,850
1,2,3,4,5,6,7,8,9,10,11,12,13,14,15,16,17,18,19,20,21,22,23,24,25,26,27,28,29,30,31,32,33,34,35,36,37,38,39,40,41,42,43,44,45,46,47,48,49,50,51,52,53,54,55,56,57,58,59,60,61,62,63,64,65,66,67,68,69,70,71,72,73,74,75,76,77,78,79,80,81,82,83,84,85
0,0,0,0,0,0,0,0,0,0,0,0,0,0,0,0,0,0,0,0,0,0,0,0,0,2,2,2,2,2,2,2,2,2,2,2,2,2,2,2,2,2,2,2,2,2,2,2,2,2,2,2,2,2,2,2,2,2,2,2,2,2,2,2,2,2,2,2,2,2,2,2,2,2,2,4,4,4,4,4,4,4,4,5,5
2,2,2,2,2,2,2,2,2,2,2,2,2,2,2,2,2,2,2,2,2,2,2,2,2,2,2,2,2,2,2,2,2,2,2,2,2,2,2,2,2,2,2,2,2,2,2,2,2,2,4,4,4,4,4,4,4,4,4,4,4,4,4,4,4,4,4,4,4,4,4,4,4,4,4,4,4,4,4,4,4,4,4,5,5
1,2,3,4,5
2
1315,1517,171930,192130
1,2,3,4,5,6,7,8,9,10
-10,1
-20,2
-30,3
-40,4
-50,5
-60,6
-70,7
-80,8
-90,9
-100,10
-110,11
-120,12
-130,13
-140,14
-150,15
-160,16
-170,17
-180,18
-190,19
-200,20
-210,21
-220,22
-230,23
-240,24
-250,25
-260,26
-270,27
-280,28
-290,29
-300,30
-310,31
-320,32
-330,33
-340,34
-350,35
-360,36
-370,37
-380,38
-390,39
-400,40
-410,41
-420,42
-430,43
-440,44
-450,45
-460,46
-470,47
-480,48
-490,49
-500,50
-510,51
-520,52
-530,53
-540,54
-550,55
-560,56
-570,57
-580,58
-590,59
-600,60
-610,61
-620,62
-630,63
-640,64
-650,65
-660,66
-670,67
-680,68
-690,69
-700,70
-710,71
-720,72
-730,73
-740,74
-750,75
-760,76
-770,77
-780,78
-790,79
-800,80
-810,81
-820,82
-830,83
-840,84
-850,85
*10,2,5
*20,2,4,5
*30,3
*40,5,3,1
*50,4,3
*60,3,2
*70,4,3,5
*80,2,3,1
*90,2,5,1,3
*100,4,2
*110,1,3
*120,1
*130,5,4
*140,5,3,4
*150,1,3,2,4
*160,5,3
*170,4
*180,4
*190,2,4
*200,2,1
*210,1,5,2
*220,3,4
*230,2,1
*240,1,2
*250,4,2
*260,4,1
*270,3,4
*280,1,2,4
*290,4,3,2
*300,5,4,3
*310,4,5
*320,1,3
*330,1,3
*340,2,1
*350,2,4
*360,2
*370,1,2,5
*380,1,5,2
*390,5,4
*400,3,2
*410,1,4
*420,3,2,5,1
*430,3,1
*440,5,4,2,1
*450,1,3,4,2
*460,4,3
*470,1,4
*480,3,4,1
*490,4,3
*500,1,5
*510,1,5
*520,2,1
*530,2,4
*540,3,4
*550,2,1
*560,5,4,2
*570,3,1
*580,3,1
*590,5,3
*600,1,5,4
*610,5,2
*620,5,3,4,2
*630,2,5
*640,3,2
*650,3,2
*660,5,2
*670,4,3
*680,4,1,3
*690,1,4
*700,2,5
*710,3,2
*720,2,4,1
*730,3,5
*740,1,5
*750,5
*760,2,3,4
*770,2,3
*780,4,1
*790,2,3
*800,5,2
*810,5,1,4,3
*820,5,4,3
*830,5,2,1
*840,2,3,5
*850,1,4
>10,2
>20,2
>30,2
>40,2
>50,2
>60,2
>70,2
>80,2
>90,2
>100,2
>110,2
>120,2
>130,2
>140,2
>150,2
>160,2
>170,2
>180,2
>190,2
>200,2
>210,2
>220,2
>230,2
>240,2
>250,2
>260,4
>270,4
>280,4
>290,4
>300,4
>310,4
>320,4
>330,4
>340,4
>350,4
>360,4
>370,4
>380,4
>390,4
>400,4
>410,4
>420,4
>430,4
>440,4
>450,4
>460,4
>470,4
>480,4
>490,4
>500,4
>510,6
>520,6
>530,6
>540,6
>550,6
>560,6
>570,6
>580,6
>590,6
>600,6
>610,6
>620,6
>630,6
>640,6
>650,6
>660,6
>670,6
>680,6
>690,6
>700,6
>710,6
>720,6
>730,6
>740,6
>750,6
>760,8
>770,8
>780,8
>790,8
>800,8
>810,8
>820,8
>830,8
>840,10
>850,10
