10,20,30,40,50,60,70,80,90,100,110,120,130,140,150,160,170,180,190,200,210,220,230,240,250,260,270,280,290,300,310,320,330,340,350,360,370,380,390,400,410,420,430,440,450,460,470,480,490,500,510,520,530,540,550,560,570,580,590,600,610,620,630,640,650,660,670,680,690,700,710,720,730,740,750,760,770,780,790,800,810,820,830,840,850,860,870,880
1,2,3,4,5,6,7,8,9,10,11,12,13,14,15,16,17,18,19,20,21,22,23,24,25,26,27,28,29,30,31,32,33,34,35,36,37,38,39,40,41,42,43,44,45,46,47,48,49,50,51,52,53,54,55,56,57,58,59,60,61,62,63,64,65,66,67,68,69,70,71,72,73,74,75,76,77,78,79,80,81,82,83,84,85,86,87,88
0,0,0,0,0,0,0,0,0,0,0,0,0,0,0,0,0,0,0,0,0,0,0,0,0,0,2,2,2,2,2,2,2,2,2,2,2,2,2,2,2,2,2,2,2,2,2,2,2,2,2,2,2,2,2,2,2,2,2,2,2,2,2,2,2,2,2,2,2,2,2,2,2,2,2,2,2,2,4,4,4,4,4,4,4,4,5,5
2,2,2,2,2,2,2,2,2,2,2,2,2,2,2,2,2,2,2,2,2,2,2,2,2,2,2,2,2,2,2,2,2,2,2,2,2,2,2,2,2,2,2,2,2,2,2,2,2,2,2,2,4,4,4,4,4,4,4,4,4,4,4,4,4,4,4,4,4,4,4,4,4,4,4,4,4,4,4,4,4,4,4,4,4,4,5,5
1,2,3,4,5
2
1315,1517,171930,192130
1,2,3,4,5,6,7,8,9,10
-10,1
-20,2
-30,3
-40,4
-50,5
-60,6
-70,7
-80,8
-90,9
-100,10
-110,11
-120,12
-130,13
-140,14
-150,15
-160,16
-170,17
-180,18
-190,19
-200,20
-210,21
-220,22
-230,23
-240,24
-250,25
-260,26
-270,27
-280,28
-290,29
-300,30
-310,31
-320,32
-330,33
-340,34
-350,35
-360,36
-370,37
-380,38
-390,39
-400,40
-410,41
-420,42
-430,43
-440,44
-450,45
-460,46
-470,47
-480,48
-490,49
-500,50
-510,51
-520,52
-530,53
-540,54
-550,55
-560,56
-570,57
-580,58
-590,59
-600,60
-610,61
-620,62
-630,63
-640,64
-650,65
-660,66
-670,67
-680,68
-690,69
-700,70
-710,71
-720,72
-730,73
-740,74
-750,75
-760,76
-770,77
-780,78
-790,79
-800,80
-810,81
-820,82
-830,83
-840,84
-850,85
-860,86
-870,87
-880,88
*10,5,1
*20,3,4
*30,5,3,2
*40,3,5
*50,5,3
*60,3,1,4
*70,5,3
*80,4
*90,2
*100,3,1
*110,3,4,5
*120,2,4
*130,1,3,4
*140,3,4
*150,1
*160,1,5
*170,4,5,3
*180,1,3,2
*190,5,4,3
*200,1,2,4
*210,3,2
*220,4,1,3,2
*230,5,2,1
*240,3,5
*250,3
*260,5,2,4
*270,1,4,2,5
*280,3,4
*290,4,1
*300,3,2,4
*310,4,2,1
*320,4,5,1
*330,1,3
*340,1,4,2,5
*350,1,2
*360,3,2
*370,3,5,1
*380,4,1,2
*390,3,2
*400,2,1
*410,5,1,4
*420,4,5
*430,3,5,1
*440,2,1,3
*450,5,1
*460,3,1
*470,2,3,5
*480,4,2
*490,5,2
*500,1
*510,1
*520,5,3,1
*530,3,5
*540,3,4,2
*550,3,4,5,1
*560,2,5
*570,1
*580,2,3
*590,4,5,3
*600,3,5,2
*610,4,3,1
*620,5,2
*630,4,1
*640,1,3
*650,5,4
*660,5,2
*670,5,1
*680,1,4,2
*690,1,5,2
*700,1,5,2
*710,4,3,1
*720,1,2
*730,4,5
*740,2,1
*750,3,1,5
*760,3
*770,4,1
*780,5,1
*790,1,3
*800,4,3
*810,3,2
*820,3,5
*830,1,4
*840,5,1
*850,4,5,3
*860,3,4,5
*870,4,5
*880,1,2,5
>10,2
>20,2
>30,2
>40,2
>50,2
>60,2
>70,2
>80,2
>90,2
>100,2
>110,2
>120,2
>130,2
>140,2
>150,2
>160,2
>170,2
>180,2
>190,2
>200,2
>210,2
>220,2
>230,2
>240,2
>250,2
>260,2
>270,4
>280,4
>290,4
>300,4
>310,4
>320,4
>330,4
>340,4
>350,4
>360,4
>370,4
>380,4
>390,4
>400,4
>410,4
>420,4
>430,4
>440,4
>450,4
>460,4
>470,4
>480,4
>490,4
>500,4
>510,4
>520,4
>530,6
>540,6
>550,6
>560,6
>570,6
>580,6
>590,6
>600,6
>610,6
>620,6
>630,6
>640,6
>650,6
>660,6
>670,6
>680,6
>690,6
>700,6
>710,6
>720,6
>730,6
>740,6
>750,6
>760,6
>770,6
>780,6
>790,8
>800,8
>810,8
>820,8
>830,8
>840,8
>850,8
>860,8
>870,10
>880,10
