10,20,30,40,50,60,70,80,90,100,110,120,130,140,150,160,170,180,190,200,210,220,230,240,250,260,270,280,290,300,310,320,330,340,350,360,370,380,390,400,410,420,430,440,450,460,470,480,490,500,510,520,530,540,550,560,570,580,590,600,610,620,630,640,650,660,670,680,690,700,710,720,730,740,750,760,770,780,790,800,810,820,830,840,850,860,870,880,890,900,910
1,2,3,4,5,6,7,8,9,10,11,12,13,14,15,16,17,18,19,20,21,22,23,24,25,26,27,28,29,30,31,32,33,34,35,36,37,38,39,40,41,42,43,44,45,46,47,48,49,50,51,52,53,54,55,56,57,58,59,60,61,62,63,64,65,66,67,68,69,70,71,72,73,74,75,76,77,78,79,80,81,82,83,84,85,86,87,88,89,90,91
0,0,0,0,0,0,0,0,0,0,0,0,0,0,0,0,0,0,0,0,0,0,0,0,0,0,0,2,2,2,2,2,2,2,2,2,2,2,2,2,2,2,2,2,2,2,2,2,2,2,2,2,2,2,2,2,2,2,2,2,2,2,2,2,2,2,2,2,2,2,2,2,2,2,2,2,2,2,2,2,2,4,4,4,4,4,4,4,4,4,5
2,2,2,2,2,2,2,2,2,2,2,2,2,2,2,2,2,2,2,2,2,2,2,2,2,2,2,2,2,2,2,2,2,2,2,2,2,2,2,2,2,2,2,2,2,2,2,2,2,2,2,2,2,2,4,4,4,4,4,4,4,4,4,4,4,4,4,4,4,4,4,4,4,4,4,4,4,4,4,4,4,4,4,4,4,4,4,4,4,4,5
1,2,3,4,5
1
1315,1517,171930,192130
1,2,3,4,5,6,7,8,9,10
-10,1
-20,2
-30,3
-40,4
-50,5
-60,6
-70,7
-80,8
-90,9
-100,10
-110,11
-120,12
-130,13
-140,14
-150,15
-160,16
-170,17
-180,18
-190,19
-200,20
-210,21
-220,22
-230,23
-240,24
-250,25
-260,26
-270,27
-280,28
-290,29
-300,30
-310,31
-320,32
-330,33
-340,34
-350,35
-360,36
-370,37
-380,38
-390,39
-400,40
-410,41
-420,42
-430,43
-440,44
-450,45
-460,46
-470,47
-480,48
-490,49
-500,50
-510,51
-520,52
-530,53
-540,54
-550,55
-560,56
-570,57
-580,58
-590,59
-600,60
-610,61
-620,62
-630,63
-640,64
-650,65
-660,66
-670,67
-680,68
-690,69
-700,70
-710,71
-720,72
-730,73
-740,74
-750,75
-760,76
-770,77
-780,78
-790,79
-800,80
-810,81
-820,82
-830,83
-840,84
-850,85
-860,86
-870,87
-880,88
-890,89
-900,90
-910,91
*10,2,5
*20,4,1
*30,4
*40,5,1
*50,2
*60,4,5,3
*70,1,2,3,4
*80,3,1,2
*90,2,5
*100,5,3
*110,4,3
*120,4,3,2
*130,3,4
*140,3,4
*150,5
*160,4,5,1,3
*170,4
*180,2,3
*190,4,3,1
*200,1
*210,2,1,3,5
*220,2,4,3
*230,4,5
*240,2,4,3
*250,2,4
*260,2,1,5
*270,1,3,4
*280,5
*290,5,4
*300,1,5
*310,4,1
*320,3,2,4,5
*330,1,3
*340,2,1,3
*350,3,1
*360,2
*370,2,1
*380,2
*390,1,4
*400,4,5
*410,5,3,2
*420,3,4,1
*430,5,3,2
*440,2,1
*450,5,3
*460,2,1,3
*470,2,4
*480,3,4,2
*490,4,1
*500,3,2,5
*510,2,1
*520,1
*530,1,2,5
*540,3,5,1
*550,1,2
*560,1,2
*570,4,3
*580,1,5
*590,1,5,2
*600,3
*610,3,5
*620,5,4
*630,2,4
*640,3,1,4
*650,5,3
*660,5,3,4
*670,1,3,4
*680,5,1
*690,1,5,4
*700,4,2,5
*710,5,3,2,1
*720,3,5,2
*730,4,2,5
*740,2,5
*750,1,2,3
*760,1,5,4
*770,1,5
*780,2,1
*790,2,3,5
*800,4,1,2
*810,2,3,1
*820,2,3,4
*830,5,3,2
*840,4,2,1
*850,3
*860,1,5
*870,1,5
*880,2,5
*890,4,5
*900,3
*910,1,4,3,5
>10,2
>20,2
>30,2
>40,2
>50,2
>60,2
>70,2
>80,2
>90,2
>100,2
>110,2
>120,2
>130,2
>140,2
>150,2
>160,2
>170,2
>180,2
>190,2
>200,2
>210,2
>220,2
>230,2
>240,2
>250,2
>260,2
>270,2
>280,4
>290,4
>300,4
>310,4
>320,4
>330,4
>340,4
>350,4
>360,4
>370,4
>380,4
>390,4
>400,4
>410,4
>420,4
>430,4
>440,4
>450,4
>460,4
>470,4
>480,4
>490,4
>500,4
>510,4
>520,4
>530,4
>540,4
>550,6
>560,6
>570,6
>580,6
>590,6
>600,6
>610,6
>620,6
>630,6
>640,6
>650,6
>660,6
>670,6
>680,6
>690,6
>700,6
>710,6
>720,6
>730,6
>740,6
>750,6
>760,6
>770,6
>780,6
>790,6
>800,6
>810,6
>820,8
>830,8
>840,8
>850,8
>860,8
>870,8
>880,8
>890,8
>900,8
>910,10
