10,20,30,40,50,60,70,80,90,100,110,120,130,140,150,160
1,2,3,4,5,6,7,8,9,10,11,12,13,14,15,16
0,0,0,0,2,2,2,2,2,2,2,2,4,5,5,5
2,2,2,2,2,2,2,2,4,4,4,4,4,5,5,5
1,2,3,4,5
4
1315,1517,171930,192130
1,2,3,4,5,6,7,8,9,10
-10,1
-20,2
-30,3
-40,4
-50,5
-60,6
-70,7
-80,8
-90,9
-100,10
-110,11
-120,12
-130,13
-140,14
-150,15
-160,16
*10,5,2
*20,2,1,5
*30,5,4
*40,2,1
*50,1,4,2
*60,1,3,4
*70,3,1,5,4
*80,1,4,5
*90,5,3
*100,3,1
*110,5,3
*120,3,1
*130,4,3
*140,1,3
*150,2,1
*160,4,1
>10,2
>20,2
>30,2
>40,2
>50,4
>60,4
>70,4
>80,4
>90,6
>100,6
>110,6
>120,6
>130,8
>140,10
>150,10
>160,10
