10,20,30,40,50,60,70,80,90,100,110,120,130,140,150,160,170,180,190
1,2,3,4,5,6,7,8,9,10,11,12,13,14,15,16,17,18,19
0,0,0,0,0,2,2,2,2,2,2,2,2,2,2,4,5,5,5
2,2,2,2,2,2,2,2,2,2,4,4,4,4,4,4,5,5,5
1,2,3,4,5
3
1315,1517,171930,192130
1,2,3,4,5,6,7,8,9,10
-10,1
-20,2
-30,3
-40,4
-50,5
-60,6
-70,7
-80,8
-90,9
-100,10
-110,11
-120,12
-130,13
-140,14
-150,15
-160,16
-170,17
-180,18
-190,19
*10,5,2,4
*20,1,4,2
*30,3,2
*40,3,5
*50,5,3
*60,1,2
*70,2,5,4
*80,3,5,2
*90,4,3,2
*100,2,1,3
*110,1,5,2
*120,5,2
*130,4,3,1
*140,2,4
*150,5,3
*160,1,3,5,4
*170,3,5,2
*180,2,5,3
*190,2,1
>10,2
>20,2
>30,2
>40,2
>50,2
>60,4
>70,4
>80,4
>90,4
>100,4
>110,6
>120,6
>130,6
>140,6
>150,6
>160,8
>170,10
>180,10
>190,10
