10,20,30,40,50,60,70,80,90,100,110,120,130,140,150,160,170,180,190,200,210,220
1,2,3,4,5,6,7,8,9,10,11,12,13,14,15,16,17,18,19,20,21,22
0,0,0,0,0,0,2,2,2,2,2,2,2,2,2,2,2,2,4,4,5,5
2,2,2,2,2,2,2,2,2,2,2,2,4,4,4,4,4,4,4,4,5,5
1,2,3,4,5
2
1315,1517,171930,192130
1,2,3,4,5,6,7,8,9,10
-10,1
-20,2
-30,3
-40,4
-50,5
-60,6
-70,7
-80,8
-90,9
-100,10
-110,11
-120,12
-130,13
-140,14
-150,15
-160,16
-170,17
-180,18
-190,19
-200,20
-210,21
-220,22
*10,4,3,2
*20,4,3
*30,3,4,1
*40,1,5,3,4
*50,4,3
*60,2,4,3
*70,1,2
*80,3,2
*90,5,1
*100,5,4,1,2
*110,2
*120,1,3,5
*130,5,3
*140,5
*150,2,3,1,5
*160,1,3
*170,5,3,1
*180,4,1
*190,4,2
*200,5,3
*210,1,4
*220,3,1
>10,2
>20,2
>30,2
>40,2
>50,2
>60,2
>70,4
>80,4
>90,4
>100,4
>110,4
>120,4
>130,6
>140,6
>150,6
>160,6
>170,6
>180,6
>190,8
>200,8
>210,10
>220,10
