10,20,30,40,50,60,70,80,90,100,110,120,130,140,150,160,170,180,190,200,210,220,230,240,250
1,2,3,4,5,6,7,8,9,10,11,12,13,14,15,16,17,18,19,20,21,22,23,24,25
0,0,0,0,0,0,0,2,2,2,2,2,2,2,2,2,2,2,2,2,2,4,4,5,5
2,2,2,2,2,2,2,2,2,2,2,2,2,2,4,4,4,4,4,4,4,4,4,5,5
1,2,3,4,5
4
1315,1517,171930,192130
1,2,3,4,5,6,7,8,9,10
-10,1
-20,2
-30,3
-40,4
-50,5
-60,6
-70,7
-80,8
-90,9
-100,10
-110,11
-120,12
-130,13
-140,14
-150,15
-160,16
-170,17
-180,18
-190,19
-200,20
-210,21
-220,22
-230,23
-240,24
-250,25
*10,4,1
*20,1,2,5
*30,2,1,3
*40,1,2
*50,3,2
*60,3,5,2
*70,5,2
*80,2
*90,5,1
*100,1,5,2
*110,1,3,2
*120,1,3
*130,3,1
*140,4,3,1
*150,4,5
*160,4,2,1
*170,1,2,4
*180,4,2
*190,4,3,5
*200,4,1
*210,2,1
*220,1,2,4
*230,1,2
*240,2,4,3
*250,1,5
>10,2
>20,2
>30,2
>40,2
>50,2
>60,2
>70,2
>80,4
>90,4
>100,4
>110,4
>120,4
>130,4
>140,4
>150,6
>160,6
>170,6
>180,6
>190,6
>200,6
>210,6
>220,8
>230,8
>240,10
>250,10
