10,20,30,40,50,60,70,80,90,100,110,120,130,140,150,160,170,180,190,200,210,220,230,240,250,260,270,280
1,2,3,4,5,6,7,8,9,10,11,12,13,14,15,16,17,18,19,20,21,22,23,24,25,26,27,28
0,0,0,0,0,0,0,0,2,2,2,2,2,2,2,2,2,2,2,2,2,2,2,2,4,4,5,5
2,2,2,2,2,2,2,2,2,2,2,2,2,2,2,2,4,4,4,4,4,4,4,4,4,4,5,5
1,2,3,4,5
3
1315,1517,171930,192130
1,2,3,4,5,6,7,8,9,10
-10,1
-20,2
-30,3
-40,4
-50,5
-60,6
-70,7
-80,8
-90,9
-100,10
-110,11
-120,12
-130,13
-140,14
-150,15
-160,16
-170,17
-180,18
-190,19
-200,20
-210,21
-220,22
-230,23
-240,24
-250,25
-260,26
-270,27
-280,28
*10,5
*20,1,2
*30,4,1
*40,4,1
*50,2,4
*60,3,1,5
*70,1
*80,5
*90,1,5
*100,3,4
*110,1
*120,1,3,2
*130,3,2,5,1
*140,4,3
*150,3,4,2
*160,2,3
*170,3,1
*180,1,3,5
*190,5,2
*200,3,1,2,4
*210,3,5
*220,4
*230,5,3
*240,3,5,2
*250,2,1
*260,4,3,5
*270,5,3
*280,2,5
>10,2
>20,2
>30,2
>40,2
>50,2
>60,2
>70,2
>80,2
>90,4
>100,4
>110,4
>120,4
>130,4
>140,4
>150,4
>160,4
>170,6
>180,6
>190,6
>200,6
>210,6
>220,6
>230,6
>240,6
>250,8
>260,8
>270,10
>280,10
