10,20,30,40,50,60,70,80,90,100,110,120,130,140,150,160,170,180,190,200,210,220,230,240,250,260,270,280,290,300,310
1,2,3,4,5,6,7,8,9,10,11,12,13,14,15,16,17,18,19,20,21,22,23,24,25,26,27,28,29,30,31
0,0,0,0,0,0,0,0,0,2,2,2,2,2,2,2,2,2,2,2,2,2,2,2,2,2,2,4,4,4,5
2,2,2,2,2,2,2,2,2,2,2,2,2,2,2,2,2,2,4,4,4,4,4,4,4,4,4,4,4,4,5
1,2,3,4,5
2
1315,1517,171930,192130
1,2,3,4,5,6,7,8,9,10
-10,1
-20,2
-30,3
-40,4
-50,5
-60,6
-70,7
-80,8
-90,9
-100,10
-110,11
-120,12
-130,13
-140,14
-150,15
-160,16
-170,17
-180,18
-190,19
-200,20
-210,21
-220,22
-230,23
-240,24
-250,25
-260,26
-270,27
-280,28
-290,29
-300,30
-310,31
*10,5,1
*20,5,1,4
*30,5,4
*40,2,3,1
*50,2,3
*60,2,3,4
*70,4,5,3
*80,4,2
*90,5,3
*100,5,4,1
*110,2,4,5
*120,5,1
*130,2,4,5
*140,1,3,2,5
*150,3,4
*160,5
*170,5,1,3
*180,5,3
*190,2,4,1
*200,5
*210,2,4,5,1
*220,2,5,4,1
*230,1,2
*240,3,1,2
*250,1,4,2
*260,4,3
*270,5,2
*280,5,3
*290,5,2,4
*300,3,1
*310,3,2,5
>10,2
>20,2
>30,2
>40,2
>50,2
>60,2
>70,2
>80,2
>90,2
>100,4
>110,4
>120,4
>130,4
>140,4
>150,4
>160,4
>170,4
>180,4
>190,6
>200,6
>210,6
>220,6
>230,6
>240,6
>250,6
>260,6
>270,6
>280,8
>290,8
>300,8
>310,10
