10,20,30,40,50,60,70,80,90,100,110,120,130,140,150,160,170,180,190,200,210,220,230,240,250,260,270,280,290,300,310,320,330,340
1,2,3,4,5,6,7,8,9,10,11,12,13,14,15,16,17,18,19,20,21,22,23,24,25,26,27,28,29,30,31,32,33,34
0,0,0,0,0,0,0,0,0,0,2,2,2,2,2,2,2,2,2,2,2,2,2,2,2,2,2,2,2,2,4,4,4,5
2,2,2,2,2,2,2,2,2,2,2,2,2,2,2,2,2,2,2,2,4,4,4,4,4,4,4,4,4,4,4,4,4,5
1,2,3,4,5
2
1315,1517,171930,192130
1,2,3,4,5,6,7,8,9,10
-10,1
-20,2
-30,3
-40,4
-50,5
-60,6
-70,7
-80,8
-90,9
-100,10
-110,11
-120,12
-130,13
-140,14
-150,15
-160,16
-170,17
-180,18
-190,19
-200,20
-210,21
-220,22
-230,23
-240,24
-250,25
-260,26
-270,27
-280,28
-290,29
-300,30
-310,31
-320,32
-330,33
-340,34
*10,2,1,4
*20,4,3,2,5
*30,4,1
*40,3,1
*50,5,4
*60,2,4,3
*70,5,4,3
*80,3,4
*90,2,3
*100,1,2,4
*110,1,5,2
*120,4,3
*130,4,3,1
*140,1,5
*150,2,5,1
*160,1,4
*170,2,3,4
*180,3,5
*190,4,1
*200,4,5
*210,4,2
*220,2,1
*230,3,5
*240,1,5,2
*250,3,1
*260,4,5
*270,4,2
*280,5,1
*290,4,3
*300,1
*310,4,1
*320,4,3
*330,5,3,1
*340,2,1,5
>10,2
>20,2
>30,2
>40,2
>50,2
>60,2
>70,2
>80,2
>90,2
>100,2
>110,4
>120,4
>130,4
>140,4
>150,4
>160,4
>170,4
>180,4
>190,4
>200,4
>210,6
>220,6
>230,6
>240,6
>250,6
>260,6
>270,6
>280,6
>290,6
>300,6
>310,8
>320,8
>330,8
>340,10
