10,20,30,40,50,60,70,80,90,100,110,120,130,140,150,160,170,180,190,200,210,220,230,240,250,260,270,280,290,300
1,2,3,4,5,6,7,8,9,10,11,12,13,14,15,16,17,18,19,20,21,22,23,24,25,26,27,28,29,30
2,2,2,2,2,2,2,2,2,4,4,4,4,4,4,4,4,4,5,5,5,5,5,5,5,5,5,5,5,5
4,4,4,4,4,4,4,4,4,4,4,4,4,4,4,4,4,4,5,5,5,5,5,5,5,5,5,5,5,5
1,2,3,4,5
1
1315,1517,171930,192130
1,2,3,4,5,6,7,8,9,10
-10,1
-20,2
-30,3
-40,4
-50,5
-60,6
-70,7
-80,8
-90,9
-100,10
-110,11
-120,12
-130,13
-140,14
-150,15
-160,16
-170,17
-180,18
-190,19
-200,20
-210,21
-220,22
-230,23
-240,24
-250,25
-260,26
-270,27
-280,28
-290,29
-300,30
*10,5,3
*20,5,4,2
*30,4,5,1
*40,2,1,3
*50,3,2,5
*60,2,1
*70,5,1
*80,5,4
*90,4,5,1
*100,1,5
*110,5,3,2
*120,2,1,3
*130,3
*140,1,3,5
*150,4,1
*160,3,2
*170,1,4,3
*180,2
*190,1,3,5
*200,1,5
*210,5,1
*220,4,1,5
*230,3,4
*240,3,2
*250,1,5,3
*260,4
*270,1,3
*280,3,4
*290,3
*300,5,1
>10,6
>20,6
>30,6
>40,6
>50,6
>60,6
>70,6
>80,6
>90,6
>100,8
>110,8
>120,8
>130,8
>140,8
>150,8
>160,8
>170,8
>180,8
>190,10
>200,10
>210,10
>220,10
>230,10
>240,10
>250,10
>260,10
>270,10
>280,10
>290,10
>300,10
