10,20,30,40,50,60,70,80,90,100,110,120,130,140,150,160,170,180,190,200,210,220,230,240,250,260,270,280,290,300,310,320,330,340,350,360,370,380,390,400,410,420,430,440,450,460,470,480,490,500,510,520,530,540,550,560,570,580,590,600,610,620,630,640,650,660,670,680,690,700,710,720,730,740,750,760,770,780,790,800,810,820,830,840,850,860,870,880,890,900,910,920,930,940,950,960,970,980,990,1000,1010,1020,1030,1040,1050,1060,1070,1080,1090,1100,1110,1120,1130,1140,1150,1160,1170,1180,1190,1200
1,2,3,4,5,6,7,8,9,10,11,12,13,14,15,16,17,18,19,20,21,22,23,24,25,26,27,28,29,30,31,32,33,34,35,36,37,38,39,40,41,42,43,44,45,46,47,48,49,50,51,52,53,54,55,56,57,58,59,60,61,62,63,64,65,66,67,68,69,70,71,72,73,74,75,76,77,78,79,80,81,82,83,84,85,86,87,88,89,90,91,92,93,94,95,96,97,98,99,100,101,102,103,104,105,106,107,108,109,110,111,112,113,114,115,116,117,118,119,120
2,2,2,2,2,2,2,2,2,2,2,2,2,2,2,2,2,2,2,2,2,2,2,2,2,2,2,2,2,2,2,2,2,2,2,2,4,4,4,4,4,4,4,4,4,4,4,4,4,4,4,4,4,4,4,4,4,4,4,4,4,4,4,4,4,4,4,4,4,4,4,4,5,5,5,5,5,5,5,5,5,5,5,5,5,5,5,5,5,5,5,5,5,5,5,5,5,5,5,5,5,5,5,5,5,5,5,5,5,5,5,5,5,5,5,5,5,5,5,5
4,4,4,4,4,4,4,4,4,4,4,4,4,4,4,4,4,4,4,4,4,4,4,4,4,4,4,4,4,4,4,4,4,4,4,4,4,4,4,4,4,4,4,4,4,4,4,4,4,4,4,4,4,4,4,4,4,4,4,4,4,4,4,4,4,4,4,4,4,4,4,4,5,5,5,5,5,5,5,5,5,5,5,5,5,5,5,5,5,5,5,5,5,5,5,5,5,5,5,5,5,5,5,5,5,5,5,5,5,5,5,5,5,5,5,5,5,5,5,5
1,2,3,4,5
2
1315,1517,171930,192130
1,2,3,4,5,6,7,8,9,10
-10,1
-20,2
-30,3
-40,4
-50,5
-60,6
-70,7
-80,8
-90,9
-100,10
-110,11
-120,12
-130,13
-140,14
-150,15
-160,16
-170,17
-180,18
-190,19
-200,20
-210,21
-220,22
-230,23
-240,24
-250,25
-260,26
-270,27
-280,28
-290,29
-300,30
-310,31
-320,32
-330,33
-340,34
-350,35
-360,36
-370,37
-380,38
-390,39
-400,40
-410,41
-420,42
-430,43
-440,44
-450,45
-460,46
-470,47
-480,48
-490,49
-500,50
-510,51
-520,52
-530,53
-540,54
-550,55
-560,56
-570,57
-580,58
-590,59
-600,60
-610,61
-620,62
-630,63
-640,64
-650,65
-660,66
-670,67
-680,68
-690,69
-700,70
-710,71
-720,72
-730,73
-740,74
-750,75
-760,76
-770,77
-780,78
-790,79
-800,80
-810,81
-820,82
-830,83
-840,84
-850,85
-860,86
-870,87
-880,88
-890,89
-900,90
-910,91
-920,92
-930,93
-940,94
-950,95
-960,96
-970,97
-980,98
-990,99
-1000,100
-1010,101
-1020,102
-1030,103
-1040,104
-1050,105
-1060,106
-1070,107
-1080,108
-1090,109
-1100,110
-1110,111
-1120,112
-1130,113
-1140,114
-1150,115
-1160,116
-1170,117
-1180,118
-1190,119
-1200,120
*10,2,1,4
*20,4,5,3
*30,5,1
*40,4,5
*50,5,2
*60,5,3,2
*70,4,3,2
*80,2,1
*90,1,2,5,4
*100,5,3,4
*110,4,1
*120,5,3
*130,4,1,2
*140,2
*150,3,4
*160,5,3,1
*170,4,1,5
*180,4,3
*190,4,2
*200,2,4,1
*210,2,4,3,1
*220,4,2
*230,1,4
*240,5,4
*250,3,2,1
*260,5,4
*270,2
*280,4,3
*290,2,5
*300,1,3
*310,1,3,4
*320,1
*330,3,5,4,2
*340,2,3
*350,2,1,5
*360,1,4
*370,3,1
*380,3,5
*390,2,5,1
*400,3,4
*410,2,4
*420,5,1
*430,3,1
*440,1,3,2
*450,3,4
*460,4,5
*470,3,5,1,4
*480,5
*490,3,4
*500,1,2
*510,4,2
*520,3,4,1
*530,3,2,4
*540,1,2
*550,1,5,3
*560,1,5
*570,4,1,2
*580,4
*590,2,1
*600,5,1
*610,3,2
*620,5,4
*630,1,3
*640,5,3
*650,1,4
*660,4,2
*670,2,5
*680,5
*690,2,4
*700,3,4,5
*710,5,4,2,1
*720,1,5
*730,3,1,5
*740,3,1
*750,2,1,4
*760,4,2
*770,5,4
*780,3,5
*790,2,3
*800,2,4,3
*810,2,1,3,5
*820,1,3,2
*830,2,4
*840,3,1,5
*850,1,2
*860,1,4,2
*870,3,5
*880,2,4
*890,1,4
*900,5,4
*910,2,1,4,3
*920,2
*930,1,2,5
*940,4,3
*950,5,3
*960,5,1
*970,1,5
*980,3,5,2
*990,3,4
*1000,2,4,3
*1010,1,4
*1020,5,3,2
*1030,1,4,3
*1040,5,2
*1050,1,2,3
*1060,5,4,3
*1070,1,4
*1080,5,2,3,1
*1090,3,4
*1100,5,3
*1110,2,3,1
*1120,3
*1130,2,5
*1140,4,5,3
*1150,1,4,2,5
*1160,4,1,5
*1170,1,4,5
*1180,2,4
*1190,2,1
*1200,2,4
>10,6
>20,6
>30,6
>40,6
>50,6
>60,6
>70,6
>80,6
>90,6
>100,6
>110,6
>120,6
>130,6
>140,6
>150,6
>160,6
>170,6
>180,6
>190,6
>200,6
>210,6
>220,6
>230,6
>240,6
>250,6
>260,6
>270,6
>280,6
>290,6
>300,6
>310,6
>320,6
>330,6
>340,6
>350,6
>360,6
>370,8
>380,8
>390,8
>400,8
>410,8
>420,8
>430,8
>440,8
>450,8
>460,8
>470,8
>480,8
>490,8
>500,8
>510,8
>520,8
>530,8
>540,8
>550,8
>560,8
>570,8
>580,8
>590,8
>600,8
>610,8
>620,8
>630,8
>640,8
>650,8
>660,8
>670,8
>680,8
>690,8
>700,8
>710,8
>720,8
>730,10
>740,10
>750,10
>760,10
>770,10
>780,10
>790,10
>800,10
>810,10
>820,10
>830,10
>840,10
>850,10
>860,10
>870,10
>880,10
>890,10
>900,10
>910,10
>920,10
>930,10
>940,10
>950,10
>960,10
>970,10
>980,10
>990,10
>1000,10
>1010,10
>1020,10
>1030,10
>1040,10
>1050,10
>1060,10
>1070,10
>1080,10
>1090,10
>1100,10
>1110,10
>1120,10
>1130,10
>1140,10
>1150,10
>1160,10
>1170,10
>1180,10
>1190,10
>1200,10
