10,20,30,40,50,60,70,80,90,100,110,120,130,140,150,160,170,180,190,200,210,220,230,240,250,260,270,280,290,300,310,320,330,340,350,360,370,380,390,400,410,420,430,440,450,460,470,480,490,500,510,520,530,540,550,560,570,580,590,600,610,620,630,640,650,660,670,680,690,700,710,720,730,740,750,760,770,780,790,800,810,820,830,840,850,860,870,880,890,900,910,920,930,940,950,960,970,980,990,1000,1010,1020,1030,1040,1050,1060,1070,1080,1090,1100,1110,1120,1130,1140,1150,1160,1170,1180,1190,1200,1210,1220,1230,1240,1250,1260,1270,1280,1290,1300,1310,1320,1330,1340,1350,1360,1370,1380,1390,1400,1410,1420,1430,1440,1450,1460,1470,1480,1490,1500,1510,1520,1530,1540,1550,1560,1570,1580,1590,1600,1610,1620,1630,1640,1650,1660,1670,1680,1690,1700
1,2,3,4,5,6,7,8,9,10,11,12,13,14,15,16,17,18,19,20,21,22,23,24,25,26,27,28,29,30,31,32,33,34,35,36,37,38,39,40,41,42,43,44,45,46,47,48,49,50,51,52,53,54,55,56,57,58,59,60,61,62,63,64,65,66,67,68,69,70,71,72,73,74,75,76,77,78,79,80,81,82,83,84,85,86,87,88,89,90,91,92,93,94,95,96,97,98,99,100,101,102,103,104,105,106,107,108,109,110,111,112,113,114,115,116,117,118,119,120,121,122,123,124,125,126,127,128,129,130,131,132,133,134,135,136,137,138,139,140,141,142,143,144,145,146,147,148,149,150,151,152,153,154,155,156,157,158,159,160,161,162,163,164,165,166,167,168,169,170
2,2,2,2,2,2,2,2,2,2,2,2,2,2,2,2,2,2,2,2,2,2,2,2,2,2,2,2,2,2,2,2,2,2,2,2,2,2,2,2,2,2,2,2,2,2,2,2,2,2,2,4,4,4,4,4,4,4,4,4,4,4,4,4,4,4,4,4,4,4,4,4,4,4,4,4,4,4,4,4,4,4,4,4,4,4,4,4,4,4,4,4,4,4,4,4,4,4,4,4,4,4,5,5,5,5,5,5,5,5,5,5,5,5,5,5,5,5,5,5,5,5,5,5,5,5,5,5,5,5,5,5,5,5,5,5,5,5,5,5,5,5,5,5,5,5,5,5,5,5,5,5,5,5,5,5,5,5,5,5,5,5,5,5,5,5,5,5,5,5
4,4,4,4,4,4,4,4,4,4,4,4,4,4,4,4,4,4,4,4,4,4,4,4,4,4,4,4,4,4,4,4,4,4,4,4,4,4,4,4,4,4,4,4,4,4,4,4,4,4,4,4,4,4,4,4,4,4,4,4,4,4,4,4,4,4,4,4,4,4,4,4,4,4,4,4,4,4,4,4,4,4,4,4,4,4,4,4,4,4,4,4,4,4,4,4,4,4,4,4,4,4,5,5,5,5,5,5,5,5,5,5,5,5,5,5,5,5,5,5,5,5,5,5,5,5,5,5,5,5,5,5,5,5,5,5,5,5,5,5,5,5,5,5,5,5,5,5,5,5,5,5,5,5,5,5,5,5,5,5,5,5,5,5,5,5,5,5,5,5
1,2,3,4,5
5
1315,1517,171930,192130
1,2,3,4,5,6,7,8,9,10
-10,1
-20,2
-30,3
-40,4
-50,5
-60,6
-70,7
-80,8
-90,9
-100,10
-110,11
-120,12
-130,13
-140,14
-150,15
-160,16
-170,17
-180,18
-190,19
-200,20
-210,21
-220,22
-230,23
-240,24
-250,25
-260,26
-270,27
-280,28
-290,29
-300,30
-310,31
-320,32
-330,33
-340,34
-350,35
-360,36
-370,37
-380,38
-390,39
-400,40
-410,41
-420,42
-430,43
-440,44
-450,45
-460,46
-470,47
-480,48
-490,49
-500,50
-510,51
-520,52
-530,53
-540,54
-550,55
-560,56
-570,57
-580,58
-590,59
-600,60
-610,61
-620,62
-630,63
-640,64
-650,65
-660,66
-670,67
-680,68
-690,69
-700,70
-710,71
-720,72
-730,73
-740,74
-750,75
-760,76
-770,77
-780,78
-790,79
-800,80
-810,81
-820,82
-830,83
-840,84
-850,85
-860,86
-870,87
-880,88
-890,89
-900,90
-910,91
-920,92
-930,93
-940,94
-950,95
-960,96
-970,97
-980,98
-990,99
-1000,100
-1010,101
-1020,102
-1030,103
-1040,104
-1050,105
-1060,106
-1070,107
-1080,108
-1090,109
-1100,110
-1110,111
-1120,112
-1130,113
-1140,114
-1150,115
-1160,116
-1170,117
-1180,118
-1190,119
-1200,120
-1210,121
-1220,122
-1230,123
-1240,124
-1250,125
-1260,126
-1270,127
-1280,128
-1290,129
-1300,130
-1310,131
-1320,132
-1330,133
-1340,134
-1350,135
-1360,136
-1370,137
-1380,138
-1390,139
-1400,140
-1410,141
-1420,142
-1430,143
-1440,144
-1450,145
-1460,146
-1470,147
-1480,148
-1490,149
-1500,150
-1510,151
-1520,152
-1530,153
-1540,154
-1550,155
-1560,156
-1570,157
-1580,158
-1590,159
-1600,160
-1610,161
-1620,162
-1630,163
-1640,164
-1650,165
-1660,166
-1670,167
-1680,168
-1690,169
-1700,170
*10,3,4
*20,5,1
*30,2,5,3,1
*40,4,2
*50,2
*60,4,3
*70,5,2
*80,3,1
*90,2,3,4
*100,5,2,1
*110,3,4,5,1
*120,1,2,3
*130,3,1,2
*140,4
*150,5,3
*160,2,1,5
*170,5,3
*180,5,4,1
*190,1,5
*200,5,4,3
*210,1,5,3
*220,3,2
*230,2,5
*240,4,3,5
*250,5,2
*260,4
*270,1,5
*280,1,4
*290,2,1,4
*300,1,4,2
*310,1,5
*320,4
*330,3,2
*340,1,3
*350,5,1
*360,1,3,5
*370,4
*380,4,5
*390,4,3,5
*400,3,5,2
*410,4,5
*420,1,2
*430,2,1
*440,4,3
*450,5,3
*460,3,1,4
*470,2,4
*480,3,1
*490,1,5,3
*500,4,2
*510,3,5,4
*520,2,4,1
*530,3,4
*540,2,1
*550,5,4,2
*560,4,5,3
*570,5,3,1
*580,1,4,2
*590,1,4
*600,2,4
*610,5
*620,3,4,2
*630,2,4,5
*640,1,5,4,3
*650,4,5
*660,5,1
*670,3,4,1
*680,1,5
*690,3,1
*700,3,2,4
*710,4
*720,4
*730,3,5
*740,5,1
*750,5,3,4
*760,1
*770,1,3
*780,3,4,1
*790,1,5
*800,5,3
*810,2,1
*820,1,2,3
*830,2,3,5
*840,1,2
*850,1,3,2
*860,4,2,1,5
*870,2,3
*880,5,2
*890,5,2,4
*900,1,3
*910,2
*920,3,4,1
*930,1,2
*940,1,3
*950,5,4
*960,3,1
*970,2,5,1,3
*980,5,3
*990,1
*1000,5,3
*1010,5,4,1
*1020,2,5,1
*1030,2,1,5
*1040,3,5
*1050,4,2
*1060,4,3
*1070,3,5
*1080,5,4,2
*1090,5,1
*1100,2,5
*1110,4,1,5
*1120,4,3
*1130,1,2
*1140,2,1
*1150,5,2,4
*1160,1,3
*1170,1,2,5,4
*1180,3,4
*1190,3
*1200,4,5
*1210,2,4
*1220,2,3
*1230,3,4
*1240,5,2,1
*1250,1,3
*1260,5,3,1
*1270,3,5,4
*1280,5,2,4
*1290,2,5
*1300,2,4,5
*1310,5,1,3
*1320,3,5
*1330,1
*1340,5,2,4
*1350,1,3
*1360,2,1
*1370,2,5
*1380,3,4
*1390,3,4,5
*1400,4,3,2
*1410,5,4,2
*1420,5,2,3
*1430,1,4
*1440,3,2
*1450,1,2,3,5
*1460,2,4,1,5
*1470,5,4
*1480,4,5
*1490,5,2
*1500,5
*1510,2,1,3
*1520,4,2
*1530,5
*1540,4,3,2
*1550,3,1
*1560,1,3,2
*1570,4,1
*1580,4,5,3,1
*1590,5,4,3
*1600,3,4
*1610,3,1
*1620,5,3
*1630,1,5
*1640,5,1,4
*1650,1,5,4
*1660,5,4
*1670,4,2,3
*1680,1,3
*1690,4,3
*1700,2,4
>10,6
>20,6
>30,6
>40,6
>50,6
>60,6
>70,6
>80,6
>90,6
>100,6
>110,6
>120,6
>130,6
>140,6
>150,6
>160,6
>170,6
>180,6
>190,6
>200,6
>210,6
>220,6
>230,6
>240,6
>250,6
>260,6
>270,6
>280,6
>290,6
>300,6
>310,6
>320,6
>330,6
>340,6
>350,6
>360,6
>370,6
>380,6
>390,6
>400,6
>410,6
>420,6
>430,6
>440,6
>450,6
>460,6
>470,6
>480,6
>490,6
>500,6
>510,6
>520,8
>530,8
>540,8
>550,8
>560,8
>570,8
>580,8
>590,8
>600,8
>610,8
>620,8
>630,8
>640,8
>650,8
>660,8
>670,8
>680,8
>690,8
>700,8
>710,8
>720,8
>730,8
>740,8
>750,8
>760,8
>770,8
>780,8
>790,8
>800,8
>810,8
>820,8
>830,8
>840,8
>850,8
>860,8
>870,8
>880,8
>890,8
>900,8
>910,8
>920,8
>930,8
>940,8
>950,8
>960,8
>970,8
>980,8
>990,8
>1000,8
>1010,8
>1020,8
>1030,10
>1040,10
>1050,10
>1060,10
>1070,10
>1080,10
>1090,10
>1100,10
>1110,10
>1120,10
>1130,10
>1140,10
>1150,10
>1160,10
>1170,10
>1180,10
>1190,10
>1200,10
>1210,10
>1220,10
>1230,10
>1240,10
>1250,10
>1260,10
>1270,10
>1280,10
>1290,10
>1300,10
>1310,10
>1320,10
>1330,10
>1340,10
>1350,10
>1360,10
>1370,10
>1380,10
>1390,10
>1400,10
>1410,10
>1420,10
>1430,10
>1440,10
>1450,10
>1460,10
>1470,10
>1480,10
>1490,10
>1500,10
>1510,10
>1520,10
>1530,10
>1540,10
>1550,10
>1560,10
>1570,10
>1580,10
>1590,10
>1600,10
>1610,10
>1620,10
>1630,10
>1640,10
>1650,10
>1660,10
>1670,10
>1680,10
>1690,10
>1700,10
