10,20,30,40,50,60,70,80,90,100,110,120,130,140,150,160,170,180,190,200,210,220,230,240,250,260,270,280,290,300,310,320,330,340,350,360,370,380,390,400,410,420,430,440,450,460,470,480,490,500,510,520,530,540,550,560,570,580,590,600,610,620,630,640,650,660,670,680,690,700,710,720,730,740,750,760,770,780,790,800,810,820,830,840,850,860,870,880,890,900,910,920,930,940,950,960,970,980,990,1000,1010,1020,1030,1040,1050,1060,1070,1080,1090,1100,1110,1120,1130,1140,1150,1160,1170,1180,1190,1200,1210,1220,1230,1240,1250,1260,1270,1280,1290,1300,1310,1320,1330,1340,1350,1360,1370,1380,1390,1400,1410,1420,1430,1440,1450,1460,1470,1480,1490,1500,1510,1520,1530,1540,1550,1560,1570,1580,1590,1600,1610,1620,1630,1640,1650,1660,1670,1680,1690,1700,1710,1720,1730,1740,1750,1760,1770,1780,1790,1800,1810,1820,1830,1840,1850,1860,1870,1880,1890,1900,1910,1920,1930,1940,1950,1960,1970,1980,1990,2000
1,2,3,4,5,6,7,8,9,10,11,12,13,14,15,16,17,18,19,20,21,22,23,24,25,26,27,28,29,30,31,32,33,34,35,36,37,38,39,40,41,42,43,44,45,46,47,48,49,50,51,52,53,54,55,56,57,58,59,60,61,62,63,64,65,66,67,68,69,70,71,72,73,74,75,76,77,78,79,80,81,82,83,84,85,86,87,88,89,90,91,92,93,94,95,96,97,98,99,100,101,102,103,104,105,106,107,108,109,110,111,112,113,114,115,116,117,118,119,120,121,122,123,124,125,126,127,128,129,130,131,132,133,134,135,136,137,138,139,140,141,142,143,144,145,146,147,148,149,150,151,152,153,154,155,156,157,158,159,160,161,162,163,164,165,166,167,168,169,170,171,172,173,174,175,176,177,178,179,180,181,182,183,184,185,186,187,188,189,190,191,192,193,194,195,196,197,198,199,200
2,2,2,2,2,2,2,2,2,2,2,2,2,2,2,2,2,2,2,2,2,2,2,2,2,2,2,2,2,2,2,2,2,2,2,2,2,2,2,2,2,2,2,2,2,2,2,2,2,2,2,2,2,2,2,2,2,2,2,2,4,4,4,4,4,4,4,4,4,4,4,4,4,4,4,4,4,4,4,4,4,4,4,4,4,4,4,4,4,4,4,4,4,4,4,4,4,4,4,4,4,4,4,4,4,4,4,4,4,4,4,4,4,4,4,4,4,4,4,4,5,5,5,5,5,5,5,5,5,5,5,5,5,5,5,5,5,5,5,5,5,5,5,5,5,5,5,5,5,5,5,5,5,5,5,5,5,5,5,5,5,5,5,5,5,5,5,5,5,5,5,5,5,5,5,5,5,5,5,5,5,5,5,5,5,5,5,5,5,5,5,5,5,5,5,5,5,5,5,5
4,4,4,4,4,4,4,4,4,4,4,4,4,4,4,4,4,4,4,4,4,4,4,4,4,4,4,4,4,4,4,4,4,4,4,4,4,4,4,4,4,4,4,4,4,4,4,4,4,4,4,4,4,4,4,4,4,4,4,4,4,4,4,4,4,4,4,4,4,4,4,4,4,4,4,4,4,4,4,4,4,4,4,4,4,4,4,4,4,4,4,4,4,4,4,4,4,4,4,4,4,4,4,4,4,4,4,4,4,4,4,4,4,4,4,4,4,4,4,4,5,5,5,5,5,5,5,5,5,5,5,5,5,5,5,5,5,5,5,5,5,5,5,5,5,5,5,5,5,5,5,5,5,5,5,5,5,5,5,5,5,5,5,5,5,5,5,5,5,5,5,5,5,5,5,5,5,5,5,5,5,5,5,5,5,5,5,5,5,5,5,5,5,5,5,5,5,5,5,5
1,2,3,4,5
1
1315,1517,171930,192130
1,2,3,4,5,6,7,8,9,10
-10,1
-20,2
-30,3
-40,4
-50,5
-60,6
-70,7
-80,8
-90,9
-100,10
-110,11
-120,12
-130,13
-140,14
-150,15
-160,16
-170,17
-180,18
-190,19
-200,20
-210,21
-220,22
-230,23
-240,24
-250,25
-260,26
-270,27
-280,28
-290,29
-300,30
-310,31
-320,32
-330,33
-340,34
-350,35
-360,36
-370,37
-380,38
-390,39
-400,40
-410,41
-420,42
-430,43
-440,44
-450,45
-460,46
-470,47
-480,48
-490,49
-500,50
-510,51
-520,52
-530,53
-540,54
-550,55
-560,56
-570,57
-580,58
-590,59
-600,60
-610,61
-620,62
-630,63
-640,64
-650,65
-660,66
-670,67
-680,68
-690,69
-700,70
-710,71
-720,72
-730,73
-740,74
-750,75
-760,76
-770,77
-780,78
-790,79
-800,80
-810,81
-820,82
-830,83
-840,84
-850,85
-860,86
-870,87
-880,88
-890,89
-900,90
-910,91
-920,92
-930,93
-940,94
-950,95
-960,96
-970,97
-980,98
-990,99
-1000,100
-1010,101
-1020,102
-1030,103
-1040,104
-1050,105
-1060,106
-1070,107
-1080,108
-1090,109
-1100,110
-1110,111
-1120,112
-1130,113
-1140,114
-1150,115
-1160,116
-1170,117
-1180,118
-1190,119
-1200,120
-1210,121
-1220,122
-1230,123
-1240,124
-1250,125
-1260,126
-1270,127
-1280,128
-1290,129
-1300,130
-1310,131
-1320,132
-1330,133
-1340,134
-1350,135
-1360,136
-1370,137
-1380,138
-1390,139
-1400,140
-1410,141
-1420,142
-1430,143
-1440,144
-1450,145
-1460,146
-1470,147
-1480,148
-1490,149
-1500,150
-1510,151
-1520,152
-1530,153
-1540,154
-1550,155
-1560,156
-1570,157
-1580,158
-1590,159
-1600,160
-1610,161
-1620,162
-1630,163
-1640,164
-1650,165
-1660,166
-1670,167
-1680,168
-1690,169
-1700,170
-1710,171
-1720,172
-1730,173
-1740,174
-1750,175
-1760,176
-1770,177
-1780,178
-1790,179
-1800,180
-1810,181
-1820,182
-1830,183
-1840,184
-1850,185
-1860,186
-1870,187
-1880,188
-1890,189
-1900,190
-1910,191
-1920,192
-1930,193
-1940,194
-1950,195
-1960,196
-1970,197
-1980,198
-1990,199
-2000,200
*10,1,3,2
*20,2,4
*30,5,3
*40,3,4,2
*50,3,1,5
*60,5,4,2
*70,4,5
*80,1,5,3
*90,4,5,1
*100,5,2,4
*110,2,5,1
*120,2
*130,4,1
*140,4,3,2,5
*150,4,5
*160,1,4,5
*170,4,2,5
*180,5,3,1
*190,2,1
*200,1,2,3
*210,5
*220,3,1,5
*230,5,1,2
*240,4,3
*250,2,3,1
*260,1,4
*270,1,3
*280,5,4
*290,4,5,3
*300,2,4
*310,3,4
*320,5,3,4
*330,3,1
*340,5,4
*350,2
*360,5
*370,5,3,2,4
*380,5,3
*390,3,4
*400,2
*410,5,2
*420,2,4,1
*430,2,3
*440,5,3
*450,4,2
*460,4,3,2
*470,1,3
*480,3
*490,2,5
*500,5,2,4
*510,5,3
*520,5,4
*530,2,4
*540,1,2
*550,2,1
*560,2,3
*570,5,1
*580,1,5
*590,3,2
*600,2,3
*610,3,2,4
*620,5,2
*630,3,1
*640,5,4
*650,3,2,4
*660,3,1,4,5
*670,4,2,1
*680,1,3
*690,4,1
*700,5
*710,4,2
*720,4
*730,5,3
*740,3,2,5
*750,2,4,1
*760,2,1
*770,5,2
*780,2,1
*790,4,1
*800,1,5
*810,1,3
*820,5,4,2
*830,1,4,2
*840,5,4,1
*850,5,1
*860,1,4
*870,3,1,4
*880,2,5,4
*890,1,3
*900,4,5
*910,3,2
*920,2,4,3
*930,1,2
*940,3,1
*950,1,5
*960,1,2
*970,5,2
*980,1,3,4
*990,5,4
*1000,3,5,4
*1010,1,4
*1020,5,2,1
*1030,1,2
*1040,2,5
*1050,3
*1060,3,5
*1070,3,2
*1080,3,1
*1090,4,2
*1100,4,1,5
*1110,5,1
*1120,5,4,1,3
*1130,4,5,2
*1140,5,1
*1150,3,4
*1160,1,5
*1170,2,1
*1180,2,5
*1190,1,2,4
*1200,3,1,4,2
*1210,3,1,5
*1220,1
*1230,1,4
*1240,3,4,5
*1250,3,4,2,5
*1260,2,5
*1270,4,1,5
*1280,5,1,2
*1290,5,2
*1300,3,2
*1310,2,4
*1320,5,1
*1330,5
*1340,5,1,2
*1350,3,5,4
*1360,3,4
*1370,4,3
*1380,1,5
*1390,4,3,1
*1400,4,5
*1410,4,3,1
*1420,2
*1430,4,2
*1440,3,2,1
*1450,4,5,2
*1460,5,1,4
*1470,5,3
*1480,2
*1490,1,2,4
*1500,5,4,3,2
*1510,1,2
*1520,5,2
*1530,2,1
*1540,3
*1550,2,3,4
*1560,1
*1570,1,4,3
*1580,2,4
*1590,2,5
*1600,1
*1610,4,5,3
*1620,5,4
*1630,2,5,3
*1640,2,3
*1650,2,1
*1660,1,3
*1670,5,2,3
*1680,5,1,4
*1690,4,5,2
*1700,1,3,5
*1710,1,3
*1720,5,4
*1730,4,2
*1740,3,1
*1750,3,1
*1760,4,1
*1770,5,1,3,2
*1780,5,3,2
*1790,2
*1800,5,2
*1810,1,5
*1820,5,2
*1830,2,5
*1840,4,2
*1850,3
*1860,3,5,4
*1870,4
*1880,1,5
*1890,1
*1900,4,2,1
*1910,3,5,2
*1920,1,3
*1930,4,3
*1940,5
*1950,5,3,2
*1960,2,5
*1970,4,5,3
*1980,3,5
*1990,5,1
*2000,5
>10,6
>20,6
>30,6
>40,6
>50,6
>60,6
>70,6
>80,6
>90,6
>100,6
>110,6
>120,6
>130,6
>140,6
>150,6
>160,6
>170,6
>180,6
>190,6
>200,6
>210,6
>220,6
>230,6
>240,6
>250,6
>260,6
>270,6
>280,6
>290,6
>300,6
>310,6
>320,6
>330,6
>340,6
>350,6
>360,6
>370,6
>380,6
>390,6
>400,6
>410,6
>420,6
>430,6
>440,6
>450,6
>460,6
>470,6
>480,6
>490,6
>500,6
>510,6
>520,6
>530,6
>540,6
>550,6
>560,6
>570,6
>580,6
>590,6
>600,6
>610,8
>620,8
>630,8
>640,8
>650,8
>660,8
>670,8
>680,8
>690,8
>700,8
>710,8
>720,8
>730,8
>740,8
>750,8
>760,8
>770,8
>780,8
>790,8
>800,8
>810,8
>820,8
>830,8
>840,8
>850,8
>860,8
>870,8
>880,8
>890,8
>900,8
>910,8
>920,8
>930,8
>940,8
>950,8
>960,8
>970,8
>980,8
>990,8
>1000,8
>1010,8
>1020,8
>1030,8
>1040,8
>1050,8
>1060,8
>1070,8
>1080,8
>1090,8
>1100,8
>1110,8
>1120,8
>1130,8
>1140,8
>1150,8
>1160,8
>1170,8
>1180,8
>1190,8
>1200,8
>1210,10
>1220,10
>1230,10
>1240,10
>1250,10
>1260,10
>1270,10
>1280,10
>1290,10
>1300,10
>1310,10
>1320,10
>1330,10
>1340,10
>1350,10
>1360,10
>1370,10
>1380,10
>1390,10
>1400,10
>1410,10
>1420,10
>1430,10
>1440,10
>1450,10
>1460,10
>1470,10
>1480,10
>1490,10
>1500,10
>1510,10
>1520,10
>1530,10
>1540,10
>1550,10
>1560,10
>1570,10
>1580,10
>1590,10
>1600,10
>1610,10
>1620,10
>1630,10
>1640,10
>1650,10
>1660,10
>1670,10
>1680,10
>1690,10
>1700,10
>1710,10
>1720,10
>1730,10
>1740,10
>1750,10
>1760,10
>1770,10
>1780,10
>1790,10
>1800,10
>1810,10
>1820,10
>1830,10
>1840,10
>1850,10
>1860,10
>1870,10
>1880,10
>1890,10
>1900,10
>1910,10
>1920,10
>1930,10
>1940,10
>1950,10
>1960,10
>1970,10
>1980,10
>1990,10
>2000,10
