10,20,30,40,50,60,70,80,90,100,110,120,130,140,150,160,170,180,190,200,210,220,230,240,250,260,270,280,290,300,310,320,330,340,350,360,370,380,390,400
1,2,3,4,5,6,7,8,9,10,11,12,13,14,15,16,17,18,19,20,21,22,23,24,25,26,27,28,29,30,31,32,33,34,35,36,37,38,39,40
2,2,2,2,2,2,2,2,2,2,2,2,4,4,4,4,4,4,4,4,4,4,4,4,5,5,5,5,5,5,5,5,5,5,5,5,5,5,5,5
4,4,4,4,4,4,4,4,4,4,4,4,4,4,4,4,4,4,4,4,4,4,4,4,5,5,5,5,5,5,5,5,5,5,5,5,5,5,5,5
1,2,3,4,5
4
1315,1517,171930,192130
1,2,3,4,5,6,7,8,9,10
-10,1
-20,2
-30,3
-40,4
-50,5
-60,6
-70,7
-80,8
-90,9
-100,10
-110,11
-120,12
-130,13
-140,14
-150,15
-160,16
-170,17
-180,18
-190,19
-200,20
-210,21
-220,22
-230,23
-240,24
-250,25
-260,26
-270,27
-280,28
-290,29
-300,30
-310,31
-320,32
-330,33
-340,34
-350,35
-360,36
-370,37
-380,38
-390,39
-400,40
*10,2,5
*20,4,2,5
*30,4,3,5
*40,5,4,3
*50,5,2
*60,5,4,1
*70,5,4
*80,1,3
*90,4
*100,2,3
*110,1,2
*120,2,5,1
*130,4,2,5,3
*140,2,4
*150,2,3
*160,4,1
*170,2,5,1
*180,2,5
*190,5,2
*200,2,3,4
*210,3,1,5
*220,3,4,2
*230,5,2,3
*240,2,1,4
*250,2,3
*260,3,1,4,5
*270,4,1
*280,1,3
*290,3,1
*300,2,4,1
*310,3,2,1,5
*320,3
*330,5,1
*340,5,2,1
*350,2,3,5
*360,2,1
*370,3,2,4
*380,2,1
*390,1,2,3
*400,5,3,2,1
>10,6
>20,6
>30,6
>40,6
>50,6
>60,6
>70,6
>80,6
>90,6
>100,6
>110,6
>120,6
>130,8
>140,8
>150,8
>160,8
>170,8
>180,8
>190,8
>200,8
>210,8
>220,8
>230,8
>240,8
>250,10
>260,10
>270,10
>280,10
>290,10
>300,10
>310,10
>320,10
>330,10
>340,10
>350,10
>360,10
>370,10
>380,10
>390,10
>400,10
