10,20,30,40,50,60,70,80,90,100,110,120,130,140,150,160,170,180,190,200,210,220,230,240,250,260,270,280,290,300,310,320,330,340,350,360,370,380,390,400,410,420,430,440,450,460,470,480,490,500,510,520,530,540,550,560,570,580,590,600,610,620,630,640,650,660,670,680,690,700,710,720,730,740,750,760,770,780,790,800,810,820,830,840,850,860,870,880,890,900,910,920,930,940,950,960,970,980,990,1000,1010,1020,1030,1040,1050,1060,1070,1080,1090,1100,1110,1120,1130,1140,1150,1160,1170,1180,1190,1200,1210,1220,1230,1240,1250,1260,1270,1280,1290,1300,1310,1320,1330,1340,1350,1360,1370,1380,1390,1400,1410,1420,1430,1440,1450,1460,1470,1480,1490,1500,1510,1520,1530,1540,1550,1560,1570,1580,1590,1600,1610,1620,1630,1640,1650,1660,1670,1680,1690,1700,1710,1720,1730,1740,1750,1760,1770,1780,1790,1800,1810,1820,1830,1840,1850,1860,1870,1880,1890,1900,1910,1920,1930,1940,1950,1960,1970,1980,1990,2000,2010,2020,2030,2040,2050,2060,2070,2080,2090,2100,2110,2120,2130,2140,2150,2160,2170,2180,2190,2200,2210,2220,2230,2240,2250,2260,2270,2280,2290,2300
1,2,3,4,5,6,7,8,9,10,11,12,13,14,15,16,17,18,19,20,21,22,23,24,25,26,27,28,29,30,31,32,33,34,35,36,37,38,39,40,41,42,43,44,45,46,47,48,49,50,51,52,53,54,55,56,57,58,59,60,61,62,63,64,65,66,67,68,69,70,71,72,73,74,75,76,77,78,79,80,81,82,83,84,85,86,87,88,89,90,91,92,93,94,95,96,97,98,99,100,101,102,103,104,105,106,107,108,109,110,111,112,113,114,115,116,117,118,119,120,121,122,123,124,125,126,127,128,129,130,131,132,133,134,135,136,137,138,139,140,141,142,143,144,145,146,147,148,149,150,151,152,153,154,155,156,157,158,159,160,161,162,163,164,165,166,167,168,169,170,171,172,173,174,175,176,177,178,179,180,181,182,183,184,185,186,187,188,189,190,191,192,193,194,195,196,197,198,199,200,201,202,203,204,205,206,207,208,209,210,211,212,213,214,215,216,217,218,219,220,221,222,223,224,225,226,227,228,229,230
2,2,2,2,2,2,2,2,2,2,2,2,2,2,2,2,2,2,2,2,2,2,2,2,2,2,2,2,2,2,2,2,2,2,2,2,2,2,2,2,2,2,2,2,2,2,2,2,2,2,2,2,2,2,2,2,2,2,2,2,2,2,2,2,2,2,2,2,2,4,4,4,4,4,4,4,4,4,4,4,4,4,4,4,4,4,4,4,4,4,4,4,4,4,4,4,4,4,4,4,4,4,4,4,4,4,4,4,4,4,4,4,4,4,4,4,4,4,4,4,4,4,4,4,4,4,4,4,4,4,4,4,4,4,4,4,4,4,5,5,5,5,5,5,5,5,5,5,5,5,5,5,5,5,5,5,5,5,5,5,5,5,5,5,5,5,5,5,5,5,5,5,5,5,5,5,5,5,5,5,5,5,5,5,5,5,5,5,5,5,5,5,5,5,5,5,5,5,5,5,5,5,5,5,5,5,5,5,5,5,5,5,5,5,5,5,5,5,5,5,5,5,5,5,5,5,5,5,5,5
4,4,4,4,4,4,4,4,4,4,4,4,4,4,4,4,4,4,4,4,4,4,4,4,4,4,4,4,4,4,4,4,4,4,4,4,4,4,4,4,4,4,4,4,4,4,4,4,4,4,4,4,4,4,4,4,4,4,4,4,4,4,4,4,4,4,4,4,4,4,4,4,4,4,4,4,4,4,4,4,4,4,4,4,4,4,4,4,4,4,4,4,4,4,4,4,4,4,4,4,4,4,4,4,4,4,4,4,4,4,4,4,4,4,4,4,4,4,4,4,4,4,4,4,4,4,4,4,4,4,4,4,4,4,4,4,4,4,5,5,5,5,5,5,5,5,5,5,5,5,5,5,5,5,5,5,5,5,5,5,5,5,5,5,5,5,5,5,5,5,5,5,5,5,5,5,5,5,5,5,5,5,5,5,5,5,5,5,5,5,5,5,5,5,5,5,5,5,5,5,5,5,5,5,5,5,5,5,5,5,5,5,5,5,5,5,5,5,5,5,5,5,5,5,5,5,5,5,5,5
1,2,3,4,5
5
1315,1517,171930,192130
1,2,3,4,5,6,7,8,9,10
-10,1
-20,2
-30,3
-40,4
-50,5
-60,6
-70,7
-80,8
-90,9
-100,10
-110,11
-120,12
-130,13
-140,14
-150,15
-160,16
-170,17
-180,18
-190,19
-200,20
-210,21
-220,22
-230,23
-240,24
-250,25
-260,26
-270,27
-280,28
-290,29
-300,30
-310,31
-320,32
-330,33
-340,34
-350,35
-360,36
-370,37
-380,38
-390,39
-400,40
-410,41
-420,42
-430,43
-440,44
-450,45
-460,46
-470,47
-480,48
-490,49
-500,50
-510,51
-520,52
-530,53
-540,54
-550,55
-560,56
-570,57
-580,58
-590,59
-600,60
-610,61
-620,62
-630,63
-640,64
-650,65
-660,66
-670,67
-680,68
-690,69
-700,70
-710,71
-720,72
-730,73
-740,74
-750,75
-760,76
-770,77
-780,78
-790,79
-800,80
-810,81
-820,82
-830,83
-840,84
-850,85
-860,86
-870,87
-880,88
-890,89
-900,90
-910,91
-920,92
-930,93
-940,94
-950,95
-960,96
-970,97
-980,98
-990,99
-1000,100
-1010,101
-1020,102
-1030,103
-1040,104
-1050,105
-1060,106
-1070,107
-1080,108
-1090,109
-1100,110
-1110,111
-1120,112
-1130,113
-1140,114
-1150,115
-1160,116
-1170,117
-1180,118
-1190,119
-1200,120
-1210,121
-1220,122
-1230,123
-1240,124
-1250,125
-1260,126
-1270,127
-1280,128
-1290,129
-1300,130
-1310,131
-1320,132
-1330,133
-1340,134
-1350,135
-1360,136
-1370,137
-1380,138
-1390,139
-1400,140
-1410,141
-1420,142
-1430,143
-1440,144
-1450,145
-1460,146
-1470,147
-1480,148
-1490,149
-1500,150
-1510,151
-1520,152
-1530,153
-1540,154
-1550,155
-1560,156
-1570,157
-1580,158
-1590,159
-1600,160
-1610,161
-1620,162
-1630,163
-1640,164
-1650,165
-1660,166
-1670,167
-1680,168
-1690,169
-1700,170
-1710,171
-1720,172
-1730,173
-1740,174
-1750,175
-1760,176
-1770,177
-1780,178
-1790,179
-1800,180
-1810,181
-1820,182
-1830,183
-1840,184
-1850,185
-1860,186
-1870,187
-1880,188
-1890,189
-1900,190
-1910,191
-1920,192
-1930,193
-1940,194
-1950,195
-1960,196
-1970,197
-1980,198
-1990,199
-2000,200
-2010,201
-2020,202
-2030,203
-2040,204
-2050,205
-2060,206
-2070,207
-2080,208
-2090,209
-2100,210
-2110,211
-2120,212
-2130,213
-2140,214
-2150,215
-2160,216
-2170,217
-2180,218
-2190,219
-2200,220
-2210,221
-2220,222
-2230,223
-2240,224
-2250,225
-2260,226
-2270,227
-2280,228
-2290,229
-2300,230
*10,1,4
*20,2,5,1
*30,3,1
*40,2,4,1
*50,3,4
*60,1,2
*70,3,2,1,4
*80,4,1
*90,3,2
*100,5,2,3
*110,4,5,3,2
*120,5,1
*130,2,1,4
*140,3,2
*150,5,2
*160,2,5
*170,1,3,2
*180,5,2
*190,1,4,3
*200,3,2
*210,3,5
*220,5,1,2,4
*230,1,2,3,5
*240,2,5,1
*250,3,5
*260,4,1,5
*270,3,5
*280,2,1,4
*290,4,5,3
*300,4,5
*310,5,4
*320,1,2
*330,1,3
*340,3,2,4
*350,1,3,2
*360,4,1,5
*370,4
*380,4,5,2
*390,5,1,4
*400,4,1
*410,2,3
*420,3,5
*430,5,3
*440,1,5
*450,3,5
*460,4,3,2
*470,2,1
*480,1,3
*490,3,5,1
*500,5,3
*510,5,4
*520,2,3,4
*530,2,3
*540,2,5,1
*550,2,5,4
*560,3,1,2
*570,3,4,2
*580,3,2,4
*590,5
*600,5,3
*610,4,1,5
*620,1,4,5
*630,3,5
*640,1,2
*650,5,1
*660,2,1
*670,5,1,4
*680,5
*690,3,1
*700,4,1,3
*710,1,3,2
*720,3,4,2
*730,5,1,4
*740,5,1
*750,4,5
*760,4,3
*770,3,2
*780,5,4,1
*790,3,2,1
*800,5
*810,3,1
*820,1,3
*830,3,1
*840,4
*850,1,3,5
*860,3,4
*870,1,4,5
*880,5,4
*890,1,3,2
*900,4,2,3
*910,4,1,5
*920,1,5
*930,2,4,1
*940,3,5
*950,3,1,5
*960,5,4
*970,1,4,3
*980,3,1
*990,3,4,1
*1000,5,2
*1010,3,2,1
*1020,5,2,4
*1030,5
*1040,1,5,4
*1050,1,3
*1060,3,5,2
*1070,5,2
*1080,5,1
*1090,4,2,5
*1100,5,1
*1110,4,1
*1120,3,1,4
*1130,4,1,2
*1140,4,3,1
*1150,3,1,4
*1160,5,1
*1170,2,5,3,4
*1180,1
*1190,2,3,5
*1200,1,3,2
*1210,5,4
*1220,4,3
*1230,1,4,2
*1240,4
*1250,2,4,1
*1260,4,3
*1270,4
*1280,2,4
*1290,5,4,3
*1300,3,1
*1310,1,2
*1320,2,1
*1330,5,3
*1340,5,1
*1350,1,3,4,2
*1360,4,1,2
*1370,2,5
*1380,4,2,5
*1390,1,2
*1400,3,5
*1410,4
*1420,4,5
*1430,2,3
*1440,5,1,3
*1450,4,2
*1460,1,2
*1470,1,3,2
*1480,1,2
*1490,1,5,3
*1500,4,2,3
*1510,1,2,4
*1520,4,3
*1530,4,2,1
*1540,3,4,1
*1550,2
*1560,3,4,5
*1570,4,2
*1580,5,2,3
*1590,1,3
*1600,5,1,4
*1610,2,5
*1620,4,2
*1630,2,5,3
*1640,3,1,5
*1650,3,1
*1660,2,1
*1670,5,3,1
*1680,1,5,2
*1690,4,3
*1700,2,3,5,4
*1710,5,3,1
*1720,5,3
*1730,2,5,4
*1740,3,1
*1750,1,5
*1760,4,1
*1770,2,1
*1780,4,2,1
*1790,3
*1800,4,1,3,5
*1810,3,2
*1820,3,2,5
*1830,2,1
*1840,5,4
*1850,4,2,3
*1860,1,5,2,3
*1870,5,3,4
*1880,2
*1890,2,4
*1900,3,2
*1910,3,1,5,4
*1920,4,2,1
*1930,1,3,4
*1940,3,4,5
*1950,3,4
*1960,1,5,3
*1970,2
*1980,2,5,3
*1990,3,2,1
*2000,3
*2010,2,4
*2020,5
*2030,4,2,3,5
*2040,4,1
*2050,5,1,2,4
*2060,2,3
*2070,3,5
*2080,2,3
*2090,5
*2100,3,1,2,4
*2110,5,3,4
*2120,4,1
*2130,3,5,4
*2140,5,4,3,2
*2150,2,3,5
*2160,3,4
*2170,1,2,4
*2180,3,2,5
*2190,2,1,4,3
*2200,5,2,4
*2210,3,2,1
*2220,5,1,2
*2230,1,5,2
*2240,3,1
*2250,5,2
*2260,3,2,1
*2270,2,4,3
*2280,5,1,2
*2290,4,3
*2300,2,1,5
>10,6
>20,6
>30,6
>40,6
>50,6
>60,6
>70,6
>80,6
>90,6
>100,6
>110,6
>120,6
>130,6
>140,6
>150,6
>160,6
>170,6
>180,6
>190,6
>200,6
>210,6
>220,6
>230,6
>240,6
>250,6
>260,6
>270,6
>280,6
>290,6
>300,6
>310,6
>320,6
>330,6
>340,6
>350,6
>360,6
>370,6
>380,6
>390,6
>400,6
>410,6
>420,6
>430,6
>440,6
>450,6
>460,6
>470,6
>480,6
>490,6
>500,6
>510,6
>520,6
>530,6
>540,6
>550,6
>560,6
>570,6
>580,6
>590,6
>600,6
>610,6
>620,6
>630,6
>640,6
>650,6
>660,6
>670,6
>680,6
>690,6
>700,8
>710,8
>720,8
>730,8
>740,8
>750,8
>760,8
>770,8
>780,8
>790,8
>800,8
>810,8
>820,8
>830,8
>840,8
>850,8
>860,8
>870,8
>880,8
>890,8
>900,8
>910,8
>920,8
>930,8
>940,8
>950,8
>960,8
>970,8
>980,8
>990,8
>1000,8
>1010,8
>1020,8
>1030,8
>1040,8
>1050,8
>1060,8
>1070,8
>1080,8
>1090,8
>1100,8
>1110,8
>1120,8
>1130,8
>1140,8
>1150,8
>1160,8
>1170,8
>1180,8
>1190,8
>1200,8
>1210,8
>1220,8
>1230,8
>1240,8
>1250,8
>1260,8
>1270,8
>1280,8
>1290,8
>1300,8
>1310,8
>1320,8
>1330,8
>1340,8
>1350,8
>1360,8
>1370,8
>1380,8
>1390,10
>1400,10
>1410,10
>1420,10
>1430,10
>1440,10
>1450,10
>1460,10
>1470,10
>1480,10
>1490,10
>1500,10
>1510,10
>1520,10
>1530,10
>1540,10
>1550,10
>1560,10
>1570,10
>1580,10
>1590,10
>1600,10
>1610,10
>1620,10
>1630,10
>1640,10
>1650,10
>1660,10
>1670,10
>1680,10
>1690,10
>1700,10
>1710,10
>1720,10
>1730,10
>1740,10
>1750,10
>1760,10
>1770,10
>1780,10
>1790,10
>1800,10
>1810,10
>1820,10
>1830,10
>1840,10
>1850,10
>1860,10
>1870,10
>1880,10
>1890,10
>1900,10
>1910,10
>1920,10
>1930,10
>1940,10
>1950,10
>1960,10
>1970,10
>1980,10
>1990,10
>2000,10
>2010,10
>2020,10
>2030,10
>2040,10
>2050,10
>2060,10
>2070,10
>2080,10
>2090,10
>2100,10
>2110,10
>2120,10
>2130,10
>2140,10
>2150,10
>2160,10
>2170,10
>2180,10
>2190,10
>2200,10
>2210,10
>2220,10
>2230,10
>2240,10
>2250,10
>2260,10
>2270,10
>2280,10
>2290,10
>2300,10
