10,20,30,40,50,60,70,80,90,100,110,120,130,140,150,160,170,180,190,200,210,220,230,240,250,260,270,280,290,300,310,320,330,340,350,360,370,380,390,400,410,420,430,440,450,460,470,480,490,500,510,520,530,540,550,560,570,580,590,600,610,620,630,640,650,660,670,680,690,700,710,720,730,740,750,760,770,780,790,800,810,820,830,840,850,860,870,880,890,900,910,920,930,940,950,960,970,980,990,1000,1010,1020,1030,1040,1050,1060,1070,1080,1090,1100,1110,1120,1130,1140,1150,1160,1170,1180,1190,1200,1210,1220,1230,1240,1250,1260,1270,1280,1290,1300,1310,1320,1330,1340,1350,1360,1370,1380,1390,1400,1410,1420,1430,1440,1450,1460,1470,1480,1490,1500,1510,1520,1530,1540,1550,1560,1570,1580,1590,1600,1610,1620,1630,1640,1650,1660,1670,1680,1690,1700,1710,1720,1730,1740,1750,1760,1770,1780,1790,1800,1810,1820,1830,1840,1850,1860,1870,1880,1890,1900,1910,1920,1930,1940,1950,1960,1970,1980,1990,2000,2010,2020,2030,2040,2050,2060,2070,2080,2090,2100,2110,2120,2130,2140,2150,2160,2170,2180,2190,2200,2210,2220,2230,2240,2250,2260,2270,2280,2290,2300,2310,2320,2330,2340,2350,2360,2370,2380,2390,2400,2410,2420,2430,2440,2450,2460,2470,2480,2490,2500,2510,2520,2530,2540,2550,2560,2570,2580,2590,2600,2610,2620,2630,2640,2650,2660,2670,2680,2690,2700
1,2,3,4,5,6,7,8,9,10,11,12,13,14,15,16,17,18,19,20,21,22,23,24,25,26,27,28,29,30,31,32,33,34,35,36,37,38,39,40,41,42,43,44,45,46,47,48,49,50,51,52,53,54,55,56,57,58,59,60,61,62,63,64,65,66,67,68,69,70,71,72,73,74,75,76,77,78,79,80,81,82,83,84,85,86,87,88,89,90,91,92,93,94,95,96,97,98,99,100,101,102,103,104,105,106,107,108,109,110,111,112,113,114,115,116,117,118,119,120,121,122,123,124,125,126,127,128,129,130,131,132,133,134,135,136,137,138,139,140,141,142,143,144,145,146,147,148,149,150,151,152,153,154,155,156,157,158,159,160,161,162,163,164,165,166,167,168,169,170,171,172,173,174,175,176,177,178,179,180,181,182,183,184,185,186,187,188,189,190,191,192,193,194,195,196,197,198,199,200,201,202,203,204,205,206,207,208,209,210,211,212,213,214,215,216,217,218,219,220,221,222,223,224,225,226,227,228,229,230,231,232,233,234,235,236,237,238,239,240,241,242,243,244,245,246,247,248,249,250,251,252,253,254,255,256,257,258,259,260,261,262,263,264,265,266,267,268,269,270
2,2,2,2,2,2,2,2,2,2,2,2,2,2,2,2,2,2,2,2,2,2,2,2,2,2,2,2,2,2,2,2,2,2,2,2,2,2,2,2,2,2,2,2,2,2,2,2,2,2,2,2,2,2,2,2,2,2,2,2,2,2,2,2,2,2,2,2,2,2,2,2,2,2,2,2,2,2,2,2,2,4,4,4,4,4,4,4,4,4,4,4,4,4,4,4,4,4,4,4,4,4,4,4,4,4,4,4,4,4,4,4,4,4,4,4,4,4,4,4,4,4,4,4,4,4,4,4,4,4,4,4,4,4,4,4,4,4,4,4,4,4,4,4,4,4,4,4,4,4,4,4,4,4,4,4,4,4,4,4,4,4,5,5,5,5,5,5,5,5,5,5,5,5,5,5,5,5,5,5,5,5,5,5,5,5,5,5,5,5,5,5,5,5,5,5,5,5,5,5,5,5,5,5,5,5,5,5,5,5,5,5,5,5,5,5,5,5,5,5,5,5,5,5,5,5,5,5,5,5,5,5,5,5,5,5,5,5,5,5,5,5,5,5,5,5,5,5,5,5,5,5,5,5,5,5,5,5,5,5,5,5,5,5,5,5,5,5,5,5
4,4,4,4,4,4,4,4,4,4,4,4,4,4,4,4,4,4,4,4,4,4,4,4,4,4,4,4,4,4,4,4,4,4,4,4,4,4,4,4,4,4,4,4,4,4,4,4,4,4,4,4,4,4,4,4,4,4,4,4,4,4,4,4,4,4,4,4,4,4,4,4,4,4,4,4,4,4,4,4,4,4,4,4,4,4,4,4,4,4,4,4,4,4,4,4,4,4,4,4,4,4,4,4,4,4,4,4,4,4,4,4,4,4,4,4,4,4,4,4,4,4,4,4,4,4,4,4,4,4,4,4,4,4,4,4,4,4,4,4,4,4,4,4,4,4,4,4,4,4,4,4,4,4,4,4,4,4,4,4,4,4,5,5,5,5,5,5,5,5,5,5,5,5,5,5,5,5,5,5,5,5,5,5,5,5,5,5,5,5,5,5,5,5,5,5,5,5,5,5,5,5,5,5,5,5,5,5,5,5,5,5,5,5,5,5,5,5,5,5,5,5,5,5,5,5,5,5,5,5,5,5,5,5,5,5,5,5,5,5,5,5,5,5,5,5,5,5,5,5,5,5,5,5,5,5,5,5,5,5,5,5,5,5,5,5,5,5,5,5
1,2,3,4,5
1
1315,1517,171930,192130
1,2,3,4,5,6,7,8,9,10
-10,1
-20,2
-30,3
-40,4
-50,5
-60,6
-70,7
-80,8
-90,9
-100,10
-110,11
-120,12
-130,13
-140,14
-150,15
-160,16
-170,17
-180,18
-190,19
-200,20
-210,21
-220,22
-230,23
-240,24
-250,25
-260,26
-270,27
-280,28
-290,29
-300,30
-310,31
-320,32
-330,33
-340,34
-350,35
-360,36
-370,37
-380,38
-390,39
-400,40
-410,41
-420,42
-430,43
-440,44
-450,45
-460,46
-470,47
-480,48
-490,49
-500,50
-510,51
-520,52
-530,53
-540,54
-550,55
-560,56
-570,57
-580,58
-590,59
-600,60
-610,61
-620,62
-630,63
-640,64
-650,65
-660,66
-670,67
-680,68
-690,69
-700,70
-710,71
-720,72
-730,73
-740,74
-750,75
-760,76
-770,77
-780,78
-790,79
-800,80
-810,81
-820,82
-830,83
-840,84
-850,85
-860,86
-870,87
-880,88
-890,89
-900,90
-910,91
-920,92
-930,93
-940,94
-950,95
-960,96
-970,97
-980,98
-990,99
-1000,100
-1010,101
-1020,102
-1030,103
-1040,104
-1050,105
-1060,106
-1070,107
-1080,108
-1090,109
-1100,110
-1110,111
-1120,112
-1130,113
-1140,114
-1150,115
-1160,116
-1170,117
-1180,118
-1190,119
-1200,120
-1210,121
-1220,122
-1230,123
-1240,124
-1250,125
-1260,126
-1270,127
-1280,128
-1290,129
-1300,130
-1310,131
-1320,132
-1330,133
-1340,134
-1350,135
-1360,136
-1370,137
-1380,138
-1390,139
-1400,140
-1410,141
-1420,142
-1430,143
-1440,144
-1450,145
-1460,146
-1470,147
-1480,148
-1490,149
-1500,150
-1510,151
-1520,152
-1530,153
-1540,154
-1550,155
-1560,156
-1570,157
-1580,158
-1590,159
-1600,160
-1610,161
-1620,162
-1630,163
-1640,164
-1650,165
-1660,166
-1670,167
-1680,168
-1690,169
-1700,170
-1710,171
-1720,172
-1730,173
-1740,174
-1750,175
-1760,176
-1770,177
-1780,178
-1790,179
-1800,180
-1810,181
-1820,182
-1830,183
-1840,184
-1850,185
-1860,186
-1870,187
-1880,188
-1890,189
-1900,190
-1910,191
-1920,192
-1930,193
-1940,194
-1950,195
-1960,196
-1970,197
-1980,198
-1990,199
-2000,200
-2010,201
-2020,202
-2030,203
-2040,204
-2050,205
-2060,206
-2070,207
-2080,208
-2090,209
-2100,210
-2110,211
-2120,212
-2130,213
-2140,214
-2150,215
-2160,216
-2170,217
-2180,218
-2190,219
-2200,220
-2210,221
-2220,222
-2230,223
-2240,224
-2250,225
-2260,226
-2270,227
-2280,228
-2290,229
-2300,230
-2310,231
-2320,232
-2330,233
-2340,234
-2350,235
-2360,236
-2370,237
-2380,238
-2390,239
-2400,240
-2410,241
-2420,242
-2430,243
-2440,244
-2450,245
-2460,246
-2470,247
-2480,248
-2490,249
-2500,250
-2510,251
-2520,252
-2530,253
-2540,254
-2550,255
-2560,256
-2570,257
-2580,258
-2590,259
-2600,260
-2610,261
-2620,262
-2630,263
-2640,264
-2650,265
-2660,266
-2670,267
-2680,268
-2690,269
-2700,270
*10,1,3,5,2
*20,4,1,2
*30,1,4,2
*40,1,5
*50,1,4
*60,3,2
*70,2,3
*80,3,5
*90,5,4,2
*100,3,2,1
*110,1,4
*120,3
*130,5,4,2
*140,1,5
*150,4,2
*160,2,3,5,1
*170,4
*180,3,5,4
*190,5,1,4,2
*200,4,2
*210,5,4
*220,3,2
*230,1,4
*240,3,2,5,1
*250,4,5
*260,2
*270,2,3
*280,3,4,5
*290,3,4
*300,4,3
*310,4,1,5
*320,2,4
*330,5,2,3,4
*340,2,3,5
*350,3,4,5
*360,4,5,1
*370,3,1
*380,5,4
*390,5
*400,2
*410,5,2
*420,4,3,2
*430,3,2
*440,3,5
*450,5,4,1
*460,2,3,4
*470,5,2,3
*480,3,5,4
*490,1,4
*500,4,5
*510,3,4,2
*520,4,5
*530,2,3
*540,2,3,5
*550,5,3,4
*560,2,3
*570,3,1
*580,3
*590,5,3
*600,2,5,1
*610,4,2
*620,3,2
*630,3,1
*640,2,4
*650,3,4
*660,4,3
*670,1,3,2
*680,1,4
*690,3,5,1
*700,2,5
*710,3,2
*720,4,3
*730,3,2
*740,2,5,4
*750,4,2,1
*760,5,3,4,1
*770,5,3
*780,3
*790,1
*800,1,2
*810,5,2
*820,4,5
*830,2,1
*840,2,3,1
*850,5,4
*860,2,5
*870,3,5
*880,4,2,1
*890,4,1
*900,2,5
*910,2,5,4
*920,2,1
*930,3,2,5,4
*940,1,3
*950,4,2
*960,4,5,1
*970,1,4
*980,2,3
*990,1,4,5
*1000,1,3,2
*1010,4,3
*1020,1
*1030,2,4,5
*1040,3,2,5,1
*1050,2,5,3
*1060,3,2
*1070,2,5
*1080,1,5,2
*1090,2,3,1
*1100,4,2
*1110,5,2,4
*1120,3,1
*1130,4,3
*1140,2,5,3
*1150,1,5
*1160,2,3,1
*1170,1
*1180,4,2
*1190,5,4
*1200,4,1
*1210,3,2,5
*1220,3,5
*1230,3,2
*1240,1
*1250,1,5
*1260,1,2
*1270,1,4
*1280,2,4,5
*1290,1
*1300,2,5
*1310,3,2,1
*1320,1,2,5
*1330,2,1,4
*1340,2
*1350,2,3,5,1
*1360,1
*1370,4,5,3
*1380,1,3
*1390,4,5
*1400,5
*1410,3,5,2,1
*1420,1,4,2
*1430,1,4
*1440,3,4,5
*1450,2,4
*1460,1,2,4
*1470,2,5,3
*1480,2,4,3
*1490,4,3
*1500,5,4
*1510,3,1,5
*1520,1,5
*1530,1,3
*1540,3,2,5
*1550,5,1
*1560,4,2,5
*1570,5,3,4
*1580,3,2
*1590,2,5,4
*1600,5,4,1
*1610,1
*1620,1,5,2,3
*1630,2,5
*1640,1
*1650,5,4
*1660,3,1,4
*1670,4,5,1
*1680,4,1
*1690,1,3,5
*1700,4,2,1
*1710,5,4
*1720,5,1,3
*1730,2,4,3
*1740,5,4
*1750,4,1
*1760,5,1
*1770,2,4
*1780,4,2
*1790,4,3
*1800,2,5
*1810,5,4
*1820,1,2
*1830,2,4,1
*1840,4,1,5
*1850,3,5,1
*1860,1,4
*1870,5,1
*1880,1,5
*1890,2,4
*1900,3,5,4
*1910,1,5
*1920,5,1
*1930,3
*1940,5,2
*1950,4,1,3
*1960,5,4,3
*1970,4,1
*1980,2,1,5
*1990,3,4
*2000,3,5
*2010,4
*2020,5
*2030,5,2
*2040,4,1,2
*2050,5
*2060,2
*2070,3,4,1
*2080,4,2,1,5
*2090,4,1
*2100,4,5
*2110,2,4,5
*2120,5,2,1
*2130,3,5,4
*2140,1
*2150,3,4,5
*2160,2,4
*2170,2,3
*2180,3,4,2
*2190,2,3,4
*2200,4,2
*2210,1,4
*2220,2,1
*2230,1,3,2
*2240,2,1
*2250,2,4,5
*2260,1,4,2
*2270,1,3,4
*2280,2,3,1
*2290,1,5
*2300,3,5
*2310,4,2
*2320,5,3
*2330,1,5,2
*2340,3,2,4
*2350,2,4,5
*2360,5,1
*2370,1,2
*2380,3,2,1
*2390,3,2,4
*2400,1,2
*2410,3,4
*2420,4,1,3,2
*2430,3,4
*2440,4,3
*2450,2,3
*2460,4
*2470,3,5,1
*2480,5,1,4
*2490,5,2
*2500,4,5
*2510,3,2,1
*2520,4,2
*2530,5,4,1
*2540,5
*2550,5,4,1
*2560,2,5,4
*2570,4,5,3
*2580,3,4
*2590,5,4
*2600,4,1
*2610,2
*2620,1
*2630,4,2,5
*2640,3,4
*2650,1,4
*2660,5,4,2
*2670,5,2
*2680,1,5
*2690,1,2,5
*2700,4,1
>10,6
>20,6
>30,6
>40,6
>50,6
>60,6
>70,6
>80,6
>90,6
>100,6
>110,6
>120,6
>130,6
>140,6
>150,6
>160,6
>170,6
>180,6
>190,6
>200,6
>210,6
>220,6
>230,6
>240,6
>250,6
>260,6
>270,6
>280,6
>290,6
>300,6
>310,6
>320,6
>330,6
>340,6
>350,6
>360,6
>370,6
>380,6
>390,6
>400,6
>410,6
>420,6
>430,6
>440,6
>450,6
>460,6
>470,6
>480,6
>490,6
>500,6
>510,6
>520,6
>530,6
>540,6
>550,6
>560,6
>570,6
>580,6
>590,6
>600,6
>610,6
>620,6
>630,6
>640,6
>650,6
>660,6
>670,6
>680,6
>690,6
>700,6
>710,6
>720,6
>730,6
>740,6
>750,6
>760,6
>770,6
>780,6
>790,6
>800,6
>810,6
>820,8
>830,8
>840,8
>850,8
>860,8
>870,8
>880,8
>890,8
>900,8
>910,8
>920,8
>930,8
>940,8
>950,8
>960,8
>970,8
>980,8
>990,8
>1000,8
>1010,8
>1020,8
>1030,8
>1040,8
>1050,8
>1060,8
>1070,8
>1080,8
>1090,8
>1100,8
>1110,8
>1120,8
>1130,8
>1140,8
>1150,8
>1160,8
>1170,8
>1180,8
>1190,8
>1200,8
>1210,8
>1220,8
>1230,8
>1240,8
>1250,8
>1260,8
>1270,8
>1280,8
>1290,8
>1300,8
>1310,8
>1320,8
>1330,8
>1340,8
>1350,8
>1360,8
>1370,8
>1380,8
>1390,8
>1400,8
>1410,8
>1420,8
>1430,8
>1440,8
>1450,8
>1460,8
>1470,8
>1480,8
>1490,8
>1500,8
>1510,8
>1520,8
>1530,8
>1540,8
>1550,8
>1560,8
>1570,8
>1580,8
>1590,8
>1600,8
>1610,8
>1620,8
>1630,10
>1640,10
>1650,10
>1660,10
>1670,10
>1680,10
>1690,10
>1700,10
>1710,10
>1720,10
>1730,10
>1740,10
>1750,10
>1760,10
>1770,10
>1780,10
>1790,10
>1800,10
>1810,10
>1820,10
>1830,10
>1840,10
>1850,10
>1860,10
>1870,10
>1880,10
>1890,10
>1900,10
>1910,10
>1920,10
>1930,10
>1940,10
>1950,10
>1960,10
>1970,10
>1980,10
>1990,10
>2000,10
>2010,10
>2020,10
>2030,10
>2040,10
>2050,10
>2060,10
>2070,10
>2080,10
>2090,10
>2100,10
>2110,10
>2120,10
>2130,10
>2140,10
>2150,10
>2160,10
>2170,10
>2180,10
>2190,10
>2200,10
>2210,10
>2220,10
>2230,10
>2240,10
>2250,10
>2260,10
>2270,10
>2280,10
>2290,10
>2300,10
>2310,10
>2320,10
>2330,10
>2340,10
>2350,10
>2360,10
>2370,10
>2380,10
>2390,10
>2400,10
>2410,10
>2420,10
>2430,10
>2440,10
>2450,10
>2460,10
>2470,10
>2480,10
>2490,10
>2500,10
>2510,10
>2520,10
>2530,10
>2540,10
>2550,10
>2560,10
>2570,10
>2580,10
>2590,10
>2600,10
>2610,10
>2620,10
>2630,10
>2640,10
>2650,10
>2660,10
>2670,10
>2680,10
>2690,10
>2700,10
