10,20,30,40,50,60,70,80,90,100,110,120,130,140,150,160,170,180,190,200,210,220,230,240,250,260,270,280,290,300,310,320,330,340,350,360,370,380,390,400,410,420,430,440,450,460,470,480,490,500,510,520,530,540,550,560,570,580,590,600,610,620,630,640,650,660,670,680,690,700,710,720,730,740,750,760,770,780,790,800,810,820,830,840,850,860,870,880,890,900,910,920,930,940,950,960,970,980,990,1000,1010,1020,1030,1040,1050,1060,1070,1080,1090,1100,1110,1120,1130,1140,1150,1160,1170,1180,1190,1200,1210,1220,1230,1240,1250,1260,1270,1280,1290,1300,1310,1320,1330,1340,1350,1360,1370,1380,1390,1400,1410,1420,1430,1440,1450,1460,1470,1480,1490,1500,1510,1520,1530,1540,1550,1560,1570,1580,1590,1600,1610,1620,1630,1640,1650,1660,1670,1680,1690,1700,1710,1720,1730,1740,1750,1760,1770,1780,1790,1800,1810,1820,1830,1840,1850,1860,1870,1880,1890,1900,1910,1920,1930,1940,1950,1960,1970,1980,1990,2000,2010,2020,2030,2040,2050,2060,2070,2080,2090,2100,2110,2120,2130,2140,2150,2160,2170,2180,2190,2200,2210,2220,2230,2240,2250,2260,2270,2280,2290,2300,2310,2320,2330,2340,2350,2360,2370,2380,2390,2400,2410,2420,2430,2440,2450,2460,2470,2480,2490,2500,2510,2520,2530,2540,2550,2560,2570,2580,2590,2600,2610,2620,2630,2640,2650,2660,2670,2680,2690,2700,2710,2720,2730,2740,2750,2760,2770,2780,2790,2800,2810,2820,2830,2840,2850,2860,2870,2880,2890,2900,2910,2920,2930,2940,2950,2960,2970,2980,2990,3000,3010,3020,3030,3040,3050,3060,3070,3080,3090,3100
1,2,3,4,5,6,7,8,9,10,11,12,13,14,15,16,17,18,19,20,21,22,23,24,25,26,27,28,29,30,31,32,33,34,35,36,37,38,39,40,41,42,43,44,45,46,47,48,49,50,51,52,53,54,55,56,57,58,59,60,61,62,63,64,65,66,67,68,69,70,71,72,73,74,75,76,77,78,79,80,81,82,83,84,85,86,87,88,89,90,91,92,93,94,95,96,97,98,99,100,101,102,103,104,105,106,107,108,109,110,111,112,113,114,115,116,117,118,119,120,121,122,123,124,125,126,127,128,129,130,131,132,133,134,135,136,137,138,139,140,141,142,143,144,145,146,147,148,149,150,151,152,153,154,155,156,157,158,159,160,161,162,163,164,165,166,167,168,169,170,171,172,173,174,175,176,177,178,179,180,181,182,183,184,185,186,187,188,189,190,191,192,193,194,195,196,197,198,199,200,201,202,203,204,205,206,207,208,209,210,211,212,213,214,215,216,217,218,219,220,221,222,223,224,225,226,227,228,229,230,231,232,233,234,235,236,237,238,239,240,241,242,243,244,245,246,247,248,249,250,251,252,253,254,255,256,257,258,259,260,261,262,263,264,265,266,267,268,269,270,271,272,273,274,275,276,277,278,279,280,281,282,283,284,285,286,287,288,289,290,291,292,293,294,295,296,297,298,299,300,301,302,303,304,305,306,307,308,309,310
2,2,2,2,2,2,2,2,2,2,2,2,2,2,2,2,2,2,2,2,2,2,2,2,2,2,2,2,2,2,2,2,2,2,2,2,2,2,2,2,2,2,2,2,2,2,2,2,2,2,2,2,2,2,2,2,2,2,2,2,2,2,2,2,2,2,2,2,2,2,2,2,2,2,2,2,2,2,2,2,2,2,2,2,2,2,2,2,2,2,2,2,2,4,4,4,4,4,4,4,4,4,4,4,4,4,4,4,4,4,4,4,4,4,4,4,4,4,4,4,4,4,4,4,4,4,4,4,4,4,4,4,4,4,4,4,4,4,4,4,4,4,4,4,4,4,4,4,4,4,4,4,4,4,4,4,4,4,4,4,4,4,4,4,4,4,4,4,4,4,4,4,4,4,4,4,4,4,4,4,4,4,4,4,4,4,5,5,5,5,5,5,5,5,5,5,5,5,5,5,5,5,5,5,5,5,5,5,5,5,5,5,5,5,5,5,5,5,5,5,5,5,5,5,5,5,5,5,5,5,5,5,5,5,5,5,5,5,5,5,5,5,5,5,5,5,5,5,5,5,5,5,5,5,5,5,5,5,5,5,5,5,5,5,5,5,5,5,5,5,5,5,5,5,5,5,5,5,5,5,5,5,5,5,5,5,5,5,5,5,5,5,5,5,5,5,5,5,5,5,5,5,5,5,5,5,5,5,5,5
4,4,4,4,4,4,4,4,4,4,4,4,4,4,4,4,4,4,4,4,4,4,4,4,4,4,4,4,4,4,4,4,4,4,4,4,4,4,4,4,4,4,4,4,4,4,4,4,4,4,4,4,4,4,4,4,4,4,4,4,4,4,4,4,4,4,4,4,4,4,4,4,4,4,4,4,4,4,4,4,4,4,4,4,4,4,4,4,4,4,4,4,4,4,4,4,4,4,4,4,4,4,4,4,4,4,4,4,4,4,4,4,4,4,4,4,4,4,4,4,4,4,4,4,4,4,4,4,4,4,4,4,4,4,4,4,4,4,4,4,4,4,4,4,4,4,4,4,4,4,4,4,4,4,4,4,4,4,4,4,4,4,4,4,4,4,4,4,4,4,4,4,4,4,4,4,4,4,4,4,4,4,4,4,4,4,5,5,5,5,5,5,5,5,5,5,5,5,5,5,5,5,5,5,5,5,5,5,5,5,5,5,5,5,5,5,5,5,5,5,5,5,5,5,5,5,5,5,5,5,5,5,5,5,5,5,5,5,5,5,5,5,5,5,5,5,5,5,5,5,5,5,5,5,5,5,5,5,5,5,5,5,5,5,5,5,5,5,5,5,5,5,5,5,5,5,5,5,5,5,5,5,5,5,5,5,5,5,5,5,5,5,5,5,5,5,5,5,5,5,5,5,5,5,5,5,5,5,5,5
1,2,3,4,5
3
1315,1517,171930,192130
1,2,3,4,5,6,7,8,9,10
-10,1
-20,2
-30,3
-40,4
-50,5
-60,6
-70,7
-80,8
-90,9
-100,10
-110,11
-120,12
-130,13
-140,14
-150,15
-160,16
-170,17
-180,18
-190,19
-200,20
-210,21
-220,22
-230,23
-240,24
-250,25
-260,26
-270,27
-280,28
-290,29
-300,30
-310,31
-320,32
-330,33
-340,34
-350,35
-360,36
-370,37
-380,38
-390,39
-400,40
-410,41
-420,42
-430,43
-440,44
-450,45
-460,46
-470,47
-480,48
-490,49
-500,50
-510,51
-520,52
-530,53
-540,54
-550,55
-560,56
-570,57
-580,58
-590,59
-600,60
-610,61
-620,62
-630,63
-640,64
-650,65
-660,66
-670,67
-680,68
-690,69
-700,70
-710,71
-720,72
-730,73
-740,74
-750,75
-760,76
-770,77
-780,78
-790,79
-800,80
-810,81
-820,82
-830,83
-840,84
-850,85
-860,86
-870,87
-880,88
-890,89
-900,90
-910,91
-920,92
-930,93
-940,94
-950,95
-960,96
-970,97
-980,98
-990,99
-1000,100
-1010,101
-1020,102
-1030,103
-1040,104
-1050,105
-1060,106
-1070,107
-1080,108
-1090,109
-1100,110
-1110,111
-1120,112
-1130,113
-1140,114
-1150,115
-1160,116
-1170,117
-1180,118
-1190,119
-1200,120
-1210,121
-1220,122
-1230,123
-1240,124
-1250,125
-1260,126
-1270,127
-1280,128
-1290,129
-1300,130
-1310,131
-1320,132
-1330,133
-1340,134
-1350,135
-1360,136
-1370,137
-1380,138
-1390,139
-1400,140
-1410,141
-1420,142
-1430,143
-1440,144
-1450,145
-1460,146
-1470,147
-1480,148
-1490,149
-1500,150
-1510,151
-1520,152
-1530,153
-1540,154
-1550,155
-1560,156
-1570,157
-1580,158
-1590,159
-1600,160
-1610,161
-1620,162
-1630,163
-1640,164
-1650,165
-1660,166
-1670,167
-1680,168
-1690,169
-1700,170
-1710,171
-1720,172
-1730,173
-1740,174
-1750,175
-1760,176
-1770,177
-1780,178
-1790,179
-1800,180
-1810,181
-1820,182
-1830,183
-1840,184
-1850,185
-1860,186
-1870,187
-1880,188
-1890,189
-1900,190
-1910,191
-1920,192
-1930,193
-1940,194
-1950,195
-1960,196
-1970,197
-1980,198
-1990,199
-2000,200
-2010,201
-2020,202
-2030,203
-2040,204
-2050,205
-2060,206
-2070,207
-2080,208
-2090,209
-2100,210
-2110,211
-2120,212
-2130,213
-2140,214
-2150,215
-2160,216
-2170,217
-2180,218
-2190,219
-2200,220
-2210,221
-2220,222
-2230,223
-2240,224
-2250,225
-2260,226
-2270,227
-2280,228
-2290,229
-2300,230
-2310,231
-2320,232
-2330,233
-2340,234
-2350,235
-2360,236
-2370,237
-2380,238
-2390,239
-2400,240
-2410,241
-2420,242
-2430,243
-2440,244
-2450,245
-2460,246
-2470,247
-2480,248
-2490,249
-2500,250
-2510,251
-2520,252
-2530,253
-2540,254
-2550,255
-2560,256
-2570,257
-2580,258
-2590,259
-2600,260
-2610,261
-2620,262
-2630,263
-2640,264
-2650,265
-2660,266
-2670,267
-2680,268
-2690,269
-2700,270
-2710,271
-2720,272
-2730,273
-2740,274
-2750,275
-2760,276
-2770,277
-2780,278
-2790,279
-2800,280
-2810,281
-2820,282
-2830,283
-2840,284
-2850,285
-2860,286
-2870,287
-2880,288
-2890,289
-2900,290
-2910,291
-2920,292
-2930,293
-2940,294
-2950,295
-2960,296
-2970,297
-2980,298
-2990,299
-3000,300
-3010,301
-3020,302
-3030,303
-3040,304
-3050,305
-3060,306
-3070,307
-3080,308
-3090,309
-3100,310
*10,3,5,1,4
*20,4,2,1
*30,2,3
*40,2,5,1
*50,3,4,5
*60,4,5,2,1
*70,4,2
*80,3
*90,1,5,4
*100,5
*110,2
*120,3,4,5
*130,2,3
*140,2,3,5
*150,4,5
*160,4,1,3
*170,2
*180,4,3,5
*190,1
*200,3,5,4
*210,3,4,5
*220,5
*230,3,4
*240,5,1
*250,5,3,2
*260,5,2,4
*270,3,4
*280,5,2
*290,3,5,4
*300,4,5,2
*310,5,1,4
*320,2,3,5
*330,4,1,2
*340,3,1
*350,1,5
*360,5,2,3
*370,1,3,4,5
*380,5,3,2,1
*390,2,5
*400,1,5
*410,1,5
*420,4,1,5
*430,2,1,3
*440,3,1,2
*450,5,3
*460,4,5
*470,3,4,5
*480,3,5
*490,2,4
*500,3,2,5
*510,2,3,4
*520,5
*530,4,1,5
*540,3,5,2
*550,3
*560,2,5
*570,3,1,2,5
*580,1,2
*590,4,1
*600,2
*610,2,1,5
*620,5,3,2,4
*630,1,4
*640,2,5
*650,4,5
*660,1,3,2
*670,2,5
*680,5,4
*690,5,4
*700,4,1
*710,1,3,2
*720,4,2
*730,2
*740,3,4,5
*750,2,4
*760,4,2
*770,5,4,1,3
*780,5,1
*790,3,2,1
*800,4
*810,2,4
*820,5,2
*830,1,3
*840,2,3
*850,1,5
*860,2,1
*870,4,2,1
*880,5,1
*890,3,1,4
*900,2,5
*910,4,1
*920,1,4
*930,3,4
*940,1,2,5
*950,5,4
*960,5,4,3
*970,4,1
*980,5,2
*990,1,2
*1000,4,5,2
*1010,4,5
*1020,4,1
*1030,4,2,5,1
*1040,3,2,5
*1050,2,1,5
*1060,5,2
*1070,1,4
*1080,1,3
*1090,4,3,2
*1100,1,2,3
*1110,2,4,1
*1120,2,5,4,3
*1130,1,3
*1140,4
*1150,1,2,4
*1160,4,2
*1170,3,5
*1180,2,3,5
*1190,1,5,3
*1200,5,1
*1210,4,1,3
*1220,4,2,5
*1230,1,5
*1240,3,4
*1250,3,1
*1260,5,2,4
*1270,2,4,1
*1280,5,1,2
*1290,4,5
*1300,3,4,2,1
*1310,3,2,1,4
*1320,3,2,5
*1330,4,1
*1340,5,4
*1350,3,1,4
*1360,5
*1370,1,2
*1380,4,5,1
*1390,2,4,3
*1400,2,1
*1410,2,3,1
*1420,4,5
*1430,3,2,5,4
*1440,1,4,3
*1450,2,3
*1460,2,4
*1470,2,1
*1480,4,3,1
*1490,2,3
*1500,5,3
*1510,1,2
*1520,5,1
*1530,5,1
*1540,3,4
*1550,4,3
*1560,5,2
*1570,3,2
*1580,1,4
*1590,3,5
*1600,5,2,4,3
*1610,4,3
*1620,3,1
*1630,1,5,2
*1640,4,1
*1650,3,4
*1660,4,3
*1670,4,5
*1680,5,1,2
*1690,5,3,4
*1700,3,1,2
*1710,2,3
*1720,5,3,2
*1730,1,5
*1740,3,2,1
*1750,3,2,5
*1760,1,3,5
*1770,1,5,4
*1780,5,2
*1790,4,1,2
*1800,5,1,3
*1810,2,4
*1820,3,1,5
*1830,1,2,3
*1840,5,4,2
*1850,5,3
*1860,3,1
*1870,1,5
*1880,1
*1890,4,5,2
*1900,3,5
*1910,2
*1920,2,3
*1930,1,5
*1940,1,2
*1950,1,4,3
*1960,1,5
*1970,1,2,4
*1980,5,3,4
*1990,2
*2000,3,1,4
*2010,4,1,3
*2020,3,1,4
*2030,4,1,3,2
*2040,5,4,1
*2050,2,1
*2060,2,1,4
*2070,1,4
*2080,4,5
*2090,1,3,5
*2100,1,2,5
*2110,1,3
*2120,1,2
*2130,4,5
*2140,1,2,3
*2150,3,1
*2160,5
*2170,1,2,5
*2180,2,3,5
*2190,3,5,1
*2200,1,5,3
*2210,3,4
*2220,4,2,1
*2230,4,5,3
*2240,1,4,3
*2250,3,2
*2260,3,5,1,2
*2270,2,5,3
*2280,5,2
*2290,5,1,4,3
*2300,3,5,1
*2310,5,4
*2320,2,1,3
*2330,3,1
*2340,3,2
*2350,1,3
*2360,5,2
*2370,4,5
*2380,5,2,1
*2390,3,1
*2400,3,2
*2410,4,1
*2420,4,3
*2430,2,1
*2440,5,4,1
*2450,2,1
*2460,1,4
*2470,1,5
*2480,5,3,4
*2490,4,1
*2500,2,4
*2510,5,3,1
*2520,3,5,1
*2530,4,5,1
*2540,2,5,3
*2550,2,3,5
*2560,1,5,4
*2570,3,5,4
*2580,2,4
*2590,2,5,3
*2600,3,2
*2610,2,4,1
*2620,5,4,1
*2630,1,2,4
*2640,3,4
*2650,2,1,3,4
*2660,4,1,5
*2670,5,2
*2680,1,5,2
*2690,3
*2700,1,5,2
*2710,5,2
*2720,5,2
*2730,5,4
*2740,2,5,4,3
*2750,5,1
*2760,2,4,3
*2770,2,5
*2780,3,4,5
*2790,3,1
*2800,2,1
*2810,3,1
*2820,5,4
*2830,4,1,3
*2840,4,1
*2850,2,4,3
*2860,5,2
*2870,1,5
*2880,3,1
*2890,5,1,2
*2900,3,2
*2910,2,5
*2920,4,1
*2930,4,5
*2940,2,4
*2950,3,4,5
*2960,5,2
*2970,2,5,4
*2980,3,2,5
*2990,3,2,5
*3000,2,3,1
*3010,4,2,3
*3020,1,5
*3030,4,1,3
*3040,3,4
*3050,4
*3060,4,2
*3070,5,3
*3080,5,1
*3090,2,3,1
*3100,2,5
>10,6
>20,6
>30,6
>40,6
>50,6
>60,6
>70,6
>80,6
>90,6
>100,6
>110,6
>120,6
>130,6
>140,6
>150,6
>160,6
>170,6
>180,6
>190,6
>200,6
>210,6
>220,6
>230,6
>240,6
>250,6
>260,6
>270,6
>280,6
>290,6
>300,6
>310,6
>320,6
>330,6
>340,6
>350,6
>360,6
>370,6
>380,6
>390,6
>400,6
>410,6
>420,6
>430,6
>440,6
>450,6
>460,6
>470,6
>480,6
>490,6
>500,6
>510,6
>520,6
>530,6
>540,6
>550,6
>560,6
>570,6
>580,6
>590,6
>600,6
>610,6
>620,6
>630,6
>640,6
>650,6
>660,6
>670,6
>680,6
>690,6
>700,6
>710,6
>720,6
>730,6
>740,6
>750,6
>760,6
>770,6
>780,6
>790,6
>800,6
>810,6
>820,6
>830,6
>840,6
>850,6
>860,6
>870,6
>880,6
>890,6
>900,6
>910,6
>920,6
>930,6
>940,8
>950,8
>960,8
>970,8
>980,8
>990,8
>1000,8
>1010,8
>1020,8
>1030,8
>1040,8
>1050,8
>1060,8
>1070,8
>1080,8
>1090,8
>1100,8
>1110,8
>1120,8
>1130,8
>1140,8
>1150,8
>1160,8
>1170,8
>1180,8
>1190,8
>1200,8
>1210,8
>1220,8
>1230,8
>1240,8
>1250,8
>1260,8
>1270,8
>1280,8
>1290,8
>1300,8
>1310,8
>1320,8
>1330,8
>1340,8
>1350,8
>1360,8
>1370,8
>1380,8
>1390,8
>1400,8
>1410,8
>1420,8
>1430,8
>1440,8
>1450,8
>1460,8
>1470,8
>1480,8
>1490,8
>1500,8
>1510,8
>1520,8
>1530,8
>1540,8
>1550,8
>1560,8
>1570,8
>1580,8
>1590,8
>1600,8
>1610,8
>1620,8
>1630,8
>1640,8
>1650,8
>1660,8
>1670,8
>1680,8
>1690,8
>1700,8
>1710,8
>1720,8
>1730,8
>1740,8
>1750,8
>1760,8
>1770,8
>1780,8
>1790,8
>1800,8
>1810,8
>1820,8
>1830,8
>1840,8
>1850,8
>1860,8
>1870,10
>1880,10
>1890,10
>1900,10
>1910,10
>1920,10
>1930,10
>1940,10
>1950,10
>1960,10
>1970,10
>1980,10
>1990,10
>2000,10
>2010,10
>2020,10
>2030,10
>2040,10
>2050,10
>2060,10
>2070,10
>2080,10
>2090,10
>2100,10
>2110,10
>2120,10
>2130,10
>2140,10
>2150,10
>2160,10
>2170,10
>2180,10
>2190,10
>2200,10
>2210,10
>2220,10
>2230,10
>2240,10
>2250,10
>2260,10
>2270,10
>2280,10
>2290,10
>2300,10
>2310,10
>2320,10
>2330,10
>2340,10
>2350,10
>2360,10
>2370,10
>2380,10
>2390,10
>2400,10
>2410,10
>2420,10
>2430,10
>2440,10
>2450,10
>2460,10
>2470,10
>2480,10
>2490,10
>2500,10
>2510,10
>2520,10
>2530,10
>2540,10
>2550,10
>2560,10
>2570,10
>2580,10
>2590,10
>2600,10
>2610,10
>2620,10
>2630,10
>2640,10
>2650,10
>2660,10
>2670,10
>2680,10
>2690,10
>2700,10
>2710,10
>2720,10
>2730,10
>2740,10
>2750,10
>2760,10
>2770,10
>2780,10
>2790,10
>2800,10
>2810,10
>2820,10
>2830,10
>2840,10
>2850,10
>2860,10
>2870,10
>2880,10
>2890,10
>2900,10
>2910,10
>2920,10
>2930,10
>2940,10
>2950,10
>2960,10
>2970,10
>2980,10
>2990,10
>3000,10
>3010,10
>3020,10
>3030,10
>3040,10
>3050,10
>3060,10
>3070,10
>3080,10
>3090,10
>3100,10
