10,20,30,40,50,60,70,80,90,100,110,120,130,140,150,160,170,180,190,200,210,220,230,240,250,260,270,280,290,300,310,320,330,340,350,360,370,380,390,400,410,420,430,440,450,460,470,480,490,500
1,2,3,4,5,6,7,8,9,10,11,12,13,14,15,16,17,18,19,20,21,22,23,24,25,26,27,28,29,30,31,32,33,34,35,36,37,38,39,40,41,42,43,44,45,46,47,48,49,50
2,2,2,2,2,2,2,2,2,2,2,2,2,2,2,4,4,4,4,4,4,4,4,4,4,4,4,4,4,4,5,5,5,5,5,5,5,5,5,5,5,5,5,5,5,5,5,5,5,5
4,4,4,4,4,4,4,4,4,4,4,4,4,4,4,4,4,4,4,4,4,4,4,4,4,4,4,4,4,4,5,5,5,5,5,5,5,5,5,5,5,5,5,5,5,5,5,5,5,5
1,2,3,4,5
2
1315,1517,171930,192130
1,2,3,4,5,6,7,8,9,10
-10,1
-20,2
-30,3
-40,4
-50,5
-60,6
-70,7
-80,8
-90,9
-100,10
-110,11
-120,12
-130,13
-140,14
-150,15
-160,16
-170,17
-180,18
-190,19
-200,20
-210,21
-220,22
-230,23
-240,24
-250,25
-260,26
-270,27
-280,28
-290,29
-300,30
-310,31
-320,32
-330,33
-340,34
-350,35
-360,36
-370,37
-380,38
-390,39
-400,40
-410,41
-420,42
-430,43
-440,44
-450,45
-460,46
-470,47
-480,48
-490,49
-500,50
*10,4,5
*20,3,4
*30,5,4
*40,1,2
*50,4,3,1
*60,5,4
*70,2,4,3
*80,3,5
*90,2,4
*100,3,2,1
*110,2,4
*120,3,1,4
*130,1,3,5,2
*140,4,3,5
*150,5,1
*160,5,3,4
*170,2,4
*180,2,5,1,3
*190,1,5,4
*200,5,4,2
*210,1,5,3
*220,3,5,2
*230,4,2,5
*240,4,5
*250,2,3
*260,1,3
*270,2,5,3
*280,2,4
*290,4,5,1
*300,5,1
*310,3,5,1
*320,4,1
*330,1,3,4,5
*340,3,4,5
*350,4,3
*360,4,5,3
*370,2,3,4
*380,5,4
*390,5,1
*400,5,3
*410,3,2
*420,3,1,4
*430,4,2
*440,5,1,2,3
*450,3,2,1
*460,2,4
*470,1,2
*480,5,2,3
*490,1,2
*500,1,5
>10,6
>20,6
>30,6
>40,6
>50,6
>60,6
>70,6
>80,6
>90,6
>100,6
>110,6
>120,6
>130,6
>140,6
>150,6
>160,8
>170,8
>180,8
>190,8
>200,8
>210,8
>220,8
>230,8
>240,8
>250,8
>260,8
>270,8
>280,8
>290,8
>300,8
>310,10
>320,10
>330,10
>340,10
>350,10
>360,10
>370,10
>380,10
>390,10
>400,10
>410,10
>420,10
>430,10
>440,10
>450,10
>460,10
>470,10
>480,10
>490,10
>500,10
