10,20,30,40,50,60,70,80,90,100,110,120,130,140,150,160,170,180,190,200,210,220,230,240,250,260,270,280,290,300,310,320,330,340,350,360,370,380,390,400,410,420,430,440,450,460,470,480,490,500,510,520,530,540,550,560,570,580,590,600,610,620,630,640,650,660,670,680,690,700
1,2,3,4,5,6,7,8,9,10,11,12,13,14,15,16,17,18,19,20,21,22,23,24,25,26,27,28,29,30,31,32,33,34,35,36,37,38,39,40,41,42,43,44,45,46,47,48,49,50,51,52,53,54,55,56,57,58,59,60,61,62,63,64,65,66,67,68,69,70
2,2,2,2,2,2,2,2,2,2,2,2,2,2,2,2,2,2,2,2,2,4,4,4,4,4,4,4,4,4,4,4,4,4,4,4,4,4,4,4,4,4,5,5,5,5,5,5,5,5,5,5,5,5,5,5,5,5,5,5,5,5,5,5,5,5,5,5,5,5
4,4,4,4,4,4,4,4,4,4,4,4,4,4,4,4,4,4,4,4,4,4,4,4,4,4,4,4,4,4,4,4,4,4,4,4,4,4,4,4,4,4,5,5,5,5,5,5,5,5,5,5,5,5,5,5,5,5,5,5,5,5,5,5,5,5,5,5,5,5
1,2,3,4,5
1
1315,1517,171930,192130
1,2,3,4,5,6,7,8,9,10
-10,1
-20,2
-30,3
-40,4
-50,5
-60,6
-70,7
-80,8
-90,9
-100,10
-110,11
-120,12
-130,13
-140,14
-150,15
-160,16
-170,17
-180,18
-190,19
-200,20
-210,21
-220,22
-230,23
-240,24
-250,25
-260,26
-270,27
-280,28
-290,29
-300,30
-310,31
-320,32
-330,33
-340,34
-350,35
-360,36
-370,37
-380,38
-390,39
-400,40
-410,41
-420,42
-430,43
-440,44
-450,45
-460,46
-470,47
-480,48
-490,49
-500,50
-510,51
-520,52
-530,53
-540,54
-550,55
-560,56
-570,57
-580,58
-590,59
-600,60
-610,61
-620,62
-630,63
-640,64
-650,65
-660,66
-670,67
-680,68
-690,69
-700,70
*10,5,4
*20,5,2,4
*30,2,3
*40,2,4
*50,1,4,3
*60,1,3
*70,2,4
*80,5,1
*90,2,4
*100,2,5
*110,3,4
*120,5,1
*130,2,1
*140,3,1,2
*150,4,1,3,2
*160,1,3
*170,2,5
*180,5,3
*190,4,5,1
*200,3
*210,1,5
*220,5,3,1
*230,1,3,4
*240,3,1,5
*250,5,1,3
*260,5,2,4
*270,4,1,3
*280,3,4
*290,2,3
*300,4,2,1
*310,2,3,4
*320,2,4,5,1
*330,4,2,3
*340,4,1,3,5
*350,3,4,2
*360,3,4
*370,2,3,1,4
*380,1,3,2
*390,2,5
*400,3,2,1
*410,5,2
*420,3,2
*430,5,4,2
*440,4,2,1
*450,5,2,1
*460,1,5,2
*470,2,1,4
*480,2,5
*490,3
*500,4,2,5,1
*510,5,4,3
*520,2,3
*530,2,1
*540,1,2,4
*550,4,2,3,5
*560,2,5
*570,5,2
*580,5,4
*590,3,1
*600,4,5,2
*610,1,2
*620,3,1,4,2
*630,2,4
*640,4,2,5
*650,1,4
*660,1,2
*670,5
*680,4,2
*690,4,5
*700,1,4
>10,6
>20,6
>30,6
>40,6
>50,6
>60,6
>70,6
>80,6
>90,6
>100,6
>110,6
>120,6
>130,6
>140,6
>150,6
>160,6
>170,6
>180,6
>190,6
>200,6
>210,6
>220,8
>230,8
>240,8
>250,8
>260,8
>270,8
>280,8
>290,8
>300,8
>310,8
>320,8
>330,8
>340,8
>350,8
>360,8
>370,8
>380,8
>390,8
>400,8
>410,8
>420,8
>430,10
>440,10
>450,10
>460,10
>470,10
>480,10
>490,10
>500,10
>510,10
>520,10
>530,10
>540,10
>550,10
>560,10
>570,10
>580,10
>590,10
>600,10
>610,10
>620,10
>630,10
>640,10
>650,10
>660,10
>670,10
>680,10
>690,10
>700,10
