10,20,30,40,50,60,70,80,90,100,110,120
10,20,30,40,50,60,70,80,90,100,110,120,130,140,150,160,170,180,190,200,210,220,230,240,250,260
0,2,0,0,2,0,4,0,2,4,2,0,2,2,0,0,0,0,0,0,0,2,2,0,0,0
4,2,4,2,4,4,2,4,2,2,2,4,4,4,4,4,4,4,4,2,2,2,2,2,4,4
1,2,3,4,5
5
1315,1517,171930,192130
1,2,3,4,5,6,7,8,9,10
-10,10
-20,20
-30,30,40,50
-40,60,70,80
-50,90,100,110
-60,120
-70,130,140,150
-80,160,170
-100,220,230
-110,240
-120,250,260
*10,4,5
*20,1,2
*30,1,2,3,5
*40,1,2,3
*50,1,2,3,4
*60,4,5
*70,1,2,3,4,5
*80,3,4,5
*90,2,3
*100,2,3
*110,2
*120,3,4,5
>10,4
>20,4
>30,12
>40,14
>50,12
>60,4
>70,14
>80,8
>100,8
>110,2
>120,8