10,20,30,40,50,60,70,80,90,100,110
10,20,30,40,50,60,70,80,90,100,110,120,130,140,150,160,170,180,190,200
2,0,2,2,0,0,4,0,4,0,0,0,0,0,2,2,0,0,0,0
2,2,2,2,4,4,2,2,2,4,4,4,4,4,2,2,4,4,4,4
1,2,3,4,5
4
1315,1517,171930,192130
01,02,03,07,08,09,10
-10,10,20
-20,30,40
-30,50,60
-40,70,80
-50,90
-60,100,110
-70,120,130,140
-80,150
-90,160
-100,170,180
-110,190,200
*10,1,2,3
*20,1,2,3
*30,4,5
*40,1,2,4,5
*50,3,4
*60,1,3
*70,1,2,3,4,5
*80,2,3
*90,1,2
*100,1,2,5
*110,1,2,3
>10,6
>20,8
>30,8
>40,8
>50,6
>60,8
>70,12
>80,4
>90,4
>100,8
>110,8

