10,20,30,40,50,60,70,80,90,100,110,120,130,140,150,160
10,20,30,40,50,60,70,80,90,100,110,120,130,140,150,160,170,180,190,200,210,220,230,240
0,2,2,0,0,2,4,0,0,0,0,0,0,0,0,0,2,0,2,0,0,0,0,0
4,2,2,4,4,2,2,4,4,4,4,4,4,4,4,2,2,4,2,2,4,4,4,4
1,2,3,4,5
1
1315,1517,171930,192130
01,02,03,07,08,09,10
-10,10
-20,20,30
-30,40,50
-40,60,70
-50,80,90
-60,100
-70,110
-80,120,130
-90,140
-100,150,160
-110,170
-120,180,190
-130,200
-140,210,220
-150,230
-160,240
*10,4,5
*20,2,3,4
*30,1,2
*40,1,4,5
*50,1,2,3,4
*60,4,5
*70,1,5
*80,2,3,5
*90,1,2
*100,1,2,4
*110,2,3
*120,1,2
*130,4
*140,3,4,5
*150,3,5
*160,1,3,5
>10,4
>20,8
>30,8
>40,10
>50,8
>60,4
>70,4
>80,8
>90,4
>100,6
>110,4
>120,8
>130,2
>140,8
>150,4
>160,4
