10,20,30,40,50,60,70,80,90,100,110,120,130,140,150
10,20,30,40,50,60,70,80,90,100,110,120,130,140,150,160,170,180,190,200,210,220,230,240,250,260,270,280,290,300,310,320,330,340,350
0,0,0,2,2,0,0,4,0,0,0,0,0,0,0,0,4,0,2,0,0,0,0,0,0,0,2,2,0,0,0,0,0,2,2
4,4,4,2,2,4,4,2,2,4,4,4,2,4,4,4,2,4,2,4,4,4,4,4,4,2,2,2,4,4,4,4,4,2,2
1,2,3,4,5
1
1315,1517,171930,192130
01,02,03,07,08,09,10
-10,10,20
-20,30,40,50
-30,60,70
-40,80,90
-50,100,110
-60,120,130
-70,140,150,160
-80,170,180,190
-90,200,210
-100,220,230,240
-110,250,260
-120,270,280
-130,290,300
-140,310,320
-150,330,340,350
*10,3,4
*20,3,4,5
*30,4,5
*40,1,4
*50,1,2,3,4
*60,2,3,4
*70,3,4,5
*80,1,4,2,5
*90,1,4,2,5
*100,1,2,3,5
*110,4,5
*120,2,3
*130,1,2
*140,1,2
*150,1,2,3
>10,8
>20,12
>30,8
>40,8
>50,8
>60,6
>70,12
>80,14
>90,8
>100,12
>110,6
>120,8
>130,8
>140,8
>150,12
