10,20,30,40,50,60,70,80,90,100,110,120,130,140,150,160,170,180,190
10,20,30,40,50,60,70,80,90,100,110,120,130,140,150,160,170,180,190,200,210,220,230,240,250,260,270,280,290,300,310,320,330,340,350,360,370,380,390,400,410,420,430
0,0,2,0,2,2,0,0,0,0,0,0,0,0,2,2,4,2,0,0,0,0,0,0,0,0,4,4,0,2,2,0,2,2,0,0,0,2,2,0,2,2,2
4,4,2,4,2,4,4,4,4,4,4,4,4,4,2,2,2,2,4,4,4,4,4,4,2,2,2,2,2,2,2,4,2,2,4,4,4,2,2,2,2,2,2
1,2,3,4,5
4
1315,1517,171930,192130
01,02,03,07,08,09,10
-10,10,20
-20,30
-30,40
-40,50,60
-50,70,80,90
-60,100
-70,110,120
-80,130
-90,140
-100,150,160,170,180
-110,190,200
-120,210,350,360
-130,220,270,280,290
-140,230,240,250,260
-150,300,310
-160,320,330
-170,340
-180,370,380,390
-190,400,410,420,430
*10,1,2
*20,1,2
*30,2,5
*40,1,5,3,4
*50,3,4,5
*60,1,2
*70,1,4,3
*80,2,3
*90,1,4
*100,1,5,3,4
*110,2,5,4
*120,1,2,3,4
*130,1,3,4,5
*140,1,2,3
*150,2,3
*160,4,5
*170,2,3
*180,2,3,4
*190,3,1,5
>10,8
>20,4
>30,4
>40,10
>50,12
>60,4
>70,8
>80,4
>90,4
>100,18
>110,8
>120,12
>130,18
>140,12
>150,8
>160,8
>170,4
>180,12
>190,14