10,20,30,40,50,60,70,80,90,100,110,120,130,140,150,160,170,180,190,200
10,20,30,40,50,60,70,80,90,100,110,120,130,140,150,160,170,180,190,200,210,220,230,240,250,260,270,280,290,300,310,320,330,340,350,360,370,380,390,400,410
0,0,0,2,2,0,2,2,3,2,2,2,2,0,0,0,0,0,0,0,0,0,0,0,0,0,0,3,0,0,2,2,0,0,0,0,0,0,0,0,0
4,4,4,2,2,4,2,2,3,2,2,2,2,4,4,4,4,4,4,4,4,4,4,4,4,4,4,3,4,2,2,2,4,4,4,4,4,4,4,2,2
1,2,3,4,5
1
1315,1517,171930,192130
01,02,03,07,08,09,10
-10,10,20
-20,30,60
-30,40,50
-40,70,80,
-50,90
-60,100,110,120,130
-70,140,150
-80,160,170
-90,180,190,200
-100,210
-110,220
-120,230,240
-130,250,260,270
-140,280,290,300
-150,310,320
-160,330,340
-170,350,360
-180,370,380
-190,390
-200,400,410
*10,1,2
*20,2,3,4
*30,1,2
*40,3,4
*50,1,2
*60,1,2,3
*70,1,2,4,5
*80,3,4
*90,2,3,4,5
*100,2,3
*110,3,5
*120,1,3,4
*130,1,4,5
*140,1,2,4
*150,2,3
*160,3,4,5
*170,2,3,4
*180,2,3,4
*190,1,2
*200,1,3
>10,8
>20,8
>30,8
>40,8
>50,6
>60,16
>70,8
>80,8
>90,12
>100,4
>110,4
>120,8
>130,12
>140,12
>150,8
>160,8
>170,8
>180,8
>190,4
>200,4
