10,20,30,40,50,60,70,80,90,100,110,120,130,140,150,160,170
1,2,3,4,5,6,7,8,9,10,11,12,13,14,15,16,17,18,19,20,21,22,23,24,25,26,27,28,29,30,31,32,33,34,35
0,0,3,2,0,2,2,0,2,2,0,2,2,2,2,0,2,2,2,2,0,0,0,0,2,2,2,0,2,0,0,0,0,2,0
6,2,3,2,4,2,2,2,2,2,2,4,2,2,2,4,2,2,2,2,4,4,4,4,2,2,2,4,2,4,4,4,4,2,4
1,2,3,4,5
5
1315,1517,171930,192130
01,02,03,07,08,09,10
-10,1
-20,2,3,4
-30,5
-40,6,7,8
-50,9,10,11
-60,12,13,14
-70,15,16
-80,17,18
-90,19,20
-100,21,22
-110,23,24
-120,25
-130,26,27,28
-140,29
-150,30,31,32
-160,33,34
-170,35
*10,1
*20,1,2,3
*30,2,4
*40,1,2
*50,2,4,5
*60,3,4,5
*70,1,2
*80,3,4,5
*90,1,2,3
*100,1,2,3
*110,1,2,3,4
*120,1,5
*130,3,4,5
*140,2,3
*150,1,2,3,4
*160,2,3
*170,4,5
>10,6
>20,14
>30,4
>40,10
>50,10
>60,12
>70,8
>80,8
>90,8
>100,8
>110,8
>120,4
>130,12
>140,4
>150,12
>160,8
>170,4
