10,20,30,40,50,60,70,80,90,100,110,120,130,140,150,160,170,180,190,200,210,220,230,240,250,260,270,280,290,300,310,320,330,340,350,360,370,380,390,400,410,420,430,440,450,460,470,480,490,500,510,520,530,540,550
1,2,3,4,5,6,7,8,9,10,11,12,13,14,15,16,17,18,19,20,21,22,23,24,25,26,27,28,29,30,31,32,33,34,35,36,37,38,39,40,41,42,43,44,45,46,47,48,49,50,51,52,53,54,55
0,0,4,4,4,4,4,5,5,5,5,5,5,5,5,5,5,5,5,5,5,5,5,6,6,6,6,6,6,6,6,6,6,6,6,6,6,6,6,7,7,7,7,7,7,7,7,7,7,7,7,7,7,7,7
2,2,4,4,4,4,4,5,5,5,5,5,5,5,5,5,5,5,5,5,5,5,5,6,6,6,6,6,6,6,6,6,6,6,6,6,6,6,6,7,7,7,7,7,7,7,7,7,7,7,7,7,7,7,7
1,2,3,4,5
4
1315,1517,171930,192130
1,2,3,4,5,6,7,8,9,10
-10,1
-20,2
-30,3
-40,4
-50,5
-60,6
-70,7
-80,8
-90,9
-100,10
-110,11
-120,12
-130,13
-140,14
-150,15
-160,16
-170,17
-180,18
-190,19
-200,20
-210,21
-220,22
-230,23
-240,24
-250,25
-260,26
-270,27
-280,28
-290,29
-300,30
-310,31
-320,32
-330,33
-340,34
-350,35
-360,36
-370,37
-380,38
-390,39
-400,40
-410,41
-420,42
-430,43
-440,44
-450,45
-460,46
-470,47
-480,48
-490,49
-500,50
-510,51
-520,52
-530,53
-540,54
-550,55
*10,4,2,3,5
*20,1
*30,4,2,3,1
*40,3,1
*50,1,5
*60,4,3,5
*70,4,3
*80,2,4
*90,3,1
*100,2,5,4,1
*110,2,3
*120,4,5
*130,5
*140,4,1
*150,4,2
*160,5,1
*170,2,5,1
*180,3,1,4
*190,3,4,5
*200,5,1
*210,5,4,2
*220,2
*230,5,1
*240,2,3,1
*250,4,2,5,1
*260,2,5,1,4
*270,1,3
*280,5,2,4,3
*290,3,2,1
*300,2,1
*310,1,5,3,4
*320,4,5
*330,1,2
*340,2,1
*350,1,3
*360,2,5
*370,3,2
*380,5,1
*390,4,2,1,5
*400,5
*410,1,2
*420,4,3,2,5
*430,1,4,3
*440,1,5
*450,1
*460,3,4
*470,4,3,2
*480,5,2
*490,4,3
*500,1,4,5
*510,3,1
*520,2,5,4
*530,3,2
*540,2,5,4
*550,2,3
>10,2
>20,2
>30,8
>40,8
>50,8
>60,8
>70,8
>80,10
>90,10
>100,10
>110,10
>120,10
>130,10
>140,10
>150,10
>160,10
>170,10
>180,10
>190,10
>200,10
>210,10
>220,10
>230,10
>240,12
>250,12
>260,12
>270,12
>280,12
>290,12
>300,12
>310,12
>320,12
>330,12
>340,12
>350,12
>360,12
>370,12
>380,12
>390,12
>400,14
>410,14
>420,14
>430,14
>440,14
>450,14
>460,14
>470,14
>480,14
>490,14
>500,14
>510,14
>520,14
>530,14
>540,14
>550,14
