10,20,30,40,50,60,70,80,90,100,110,120,130,140,150,160,170,180,190,200,210,220,230,240,250,260,270,280,290,300,310,320,330,340,350,360,370,380,390,400,410,420,430,440,450,460,470,480,490,500,510,520,530,540,550,560,570,580,590,600
1,2,3,4,5,6,7,8,9,10,11,12,13,14,15,16,17,18,19,20,21,22,23,24,25,26,27,28,29,30,31,32,33,34,35,36,37,38,39,40,41,42,43,44,45,46,47,48,49,50,51,52,53,54,55,56,57,58,59,60
4,4,4,4,4,4,5,5,5,5,5,5,5,5,5,5,5,5,5,5,5,5,5,5,6,6,6,6,6,6,6,6,6,6,6,6,6,6,6,6,6,6,7,7,7,7,7,7,7,7,7,7,7,7,7,7,7,7,7,7
4,4,4,4,4,4,5,5,5,5,5,5,5,5,5,5,5,5,5,5,5,5,5,5,6,6,6,6,6,6,6,6,6,6,6,6,6,6,6,6,6,6,7,7,7,7,7,7,7,7,7,7,7,7,7,7,7,7,7,7
1,2,3,4,5
3
1315,1517,171930,192130
1,2,3,4,5,6,7,8,9,10
-10,1
-20,2
-30,3
-40,4
-50,5
-60,6
-70,7
-80,8
-90,9
-100,10
-110,11
-120,12
-130,13
-140,14
-150,15
-160,16
-170,17
-180,18
-190,19
-200,20
-210,21
-220,22
-230,23
-240,24
-250,25
-260,26
-270,27
-280,28
-290,29
-300,30
-310,31
-320,32
-330,33
-340,34
-350,35
-360,36
-370,37
-380,38
-390,39
-400,40
-410,41
-420,42
-430,43
-440,44
-450,45
-460,46
-470,47
-480,48
-490,49
-500,50
-510,51
-520,52
-530,53
-540,54
-550,55
-560,56
-570,57
-580,58
-590,59
-600,60
*10,4,1,2,3
*20,5,3,4
*30,1,5
*40,4,3
*50,5,2
*60,3,5,1
*70,2,1
*80,3,1
*90,1,3
*100,5,3
*110,4,1
*120,4,1,5
*130,5,3
*140,4,5,3
*150,5,1
*160,1
*170,5,1
*180,1,2
*190,5,2
*200,5,3
*210,2,5,3
*220,4,3
*230,3,5
*240,2,1,5
*250,2,1
*260,4,1,3
*270,5
*280,5,4,3,1
*290,1,2,4
*300,2,1,5
*310,5,4,3,1
*320,2
*330,2,1,5,4
*340,4,3
*350,4,5,3
*360,3,1
*370,1,4
*380,2,5
*390,1,3,2,4
*400,5
*410,5,1
*420,4,2,1,5
*430,1,5,2
*440,5,4
*450,5,1
*460,2,4,5
*470,4,2
*480,3,4,2,5
*490,2,1,4
*500,5,4,3
*510,1,5
*520,1,3
*530,2,4,5
*540,5,4
*550,1,4,5
*560,2,1,4,3
*570,2,1,3
*580,3
*590,2,1
*600,2,3,4
>10,8
>20,8
>30,8
>40,8
>50,8
>60,8
>70,10
>80,10
>90,10
>100,10
>110,10
>120,10
>130,10
>140,10
>150,10
>160,10
>170,10
>180,10
>190,10
>200,10
>210,10
>220,10
>230,10
>240,10
>250,12
>260,12
>270,12
>280,12
>290,12
>300,12
>310,12
>320,12
>330,12
>340,12
>350,12
>360,12
>370,12
>380,12
>390,12
>400,12
>410,12
>420,12
>430,14
>440,14
>450,14
>460,14
>470,14
>480,14
>490,14
>500,14
>510,14
>520,14
>530,14
>540,14
>550,14
>560,14
>570,14
>580,14
>590,14
>600,14
