10,20,30,40,50,60,70,80,90,100,110,120,130,140,150,160,170,180,190,200,210,220,230,240,250,260,270,280,290,300,310,320,330,340,350,360,370,380,390,400,410,420,430,440,450,460,470,480,490,500,510,520,530,540,550,560,570,580,590,600,610,620,630,640,650
1,2,3,4,5,6,7,8,9,10,11,12,13,14,15,16,17,18,19,20,21,22,23,24,25,26,27,28,29,30,31,32,33,34,35,36,37,38,39,40,41,42,43,44,45,46,47,48,49,50,51,52,53,54,55,56,57,58,59,60,61,62,63,64,65
0,0,4,4,4,4,4,4,5,5,5,5,5,5,5,5,5,5,5,5,5,5,5,5,5,5,5,6,6,6,6,6,6,6,6,6,6,6,6,6,6,6,6,6,6,6,7,7,7,7,7,7,7,7,7,7,7,7,7,7,7,7,7,7,7
2,2,4,4,4,4,4,4,5,5,5,5,5,5,5,5,5,5,5,5,5,5,5,5,5,5,5,6,6,6,6,6,6,6,6,6,6,6,6,6,6,6,6,6,6,6,7,7,7,7,7,7,7,7,7,7,7,7,7,7,7,7,7,7,7
1,2,3,4,5
5
1315,1517,171930,192130
1,2,3,4,5,6,7,8,9,10
-10,1
-20,2
-30,3
-40,4
-50,5
-60,6
-70,7
-80,8
-90,9
-100,10
-110,11
-120,12
-130,13
-140,14
-150,15
-160,16
-170,17
-180,18
-190,19
-200,20
-210,21
-220,22
-230,23
-240,24
-250,25
-260,26
-270,27
-280,28
-290,29
-300,30
-310,31
-320,32
-330,33
-340,34
-350,35
-360,36
-370,37
-380,38
-390,39
-400,40
-410,41
-420,42
-430,43
-440,44
-450,45
-460,46
-470,47
-480,48
-490,49
-500,50
-510,51
-520,52
-530,53
-540,54
-550,55
-560,56
-570,57
-580,58
-590,59
-600,60
-610,61
-620,62
-630,63
-640,64
-650,65
*10,3,4,1
*20,3,1
*30,2,5
*40,5,3
*50,2,3,4
*60,5,1
*70,5,4,3,1
*80,5,1
*90,3,1
*100,3,4
*110,2,5
*120,5,3,4
*130,1,5
*140,5,4
*150,2,1,5,4
*160,4,1
*170,2,5,1
*180,5,1
*190,1,5,4
*200,4
*210,3,2,5,4
*220,5,4,2,3
*230,4,3
*240,2,5,4,3
*250,1,4
*260,1,3
*270,3,1
*280,5
*290,4
*300,1,2,5
*310,5,4,1
*320,4,1
*330,2,4,1
*340,1,3
*350,3,2,1
*360,1,5
*370,2,3,1
*380,1,3
*390,3,4,1
*400,2,4
*410,5,4
*420,4,3
*430,2,5,3
*440,1,3
*450,4,3,2
*460,5,4,2
*470,1,2,3,4
*480,2,3,5
*490,1,3
*500,2,1
*510,4,1
*520,2,1
*530,5
*540,3,2,4,5
*550,2,3
*560,1,4,5
*570,1,5
*580,1,3,5
*590,3,1,2
*600,5,3,2,4
*610,5,1,3
*620,2,4
*630,1
*640,2,4
*650,3,1,5,2
>10,2
>20,2
>30,8
>40,8
>50,8
>60,8
>70,8
>80,8
>90,10
>100,10
>110,10
>120,10
>130,10
>140,10
>150,10
>160,10
>170,10
>180,10
>190,10
>200,10
>210,10
>220,10
>230,10
>240,10
>250,10
>260,10
>270,10
>280,12
>290,12
>300,12
>310,12
>320,12
>330,12
>340,12
>350,12
>360,12
>370,12
>380,12
>390,12
>400,12
>410,12
>420,12
>430,12
>440,12
>450,12
>460,12
>470,14
>480,14
>490,14
>500,14
>510,14
>520,14
>530,14
>540,14
>550,14
>560,14
>570,14
>580,14
>590,14
>600,14
>610,14
>620,14
>630,14
>640,14
>650,14
