10,20,30,40,50,60,70,80,90,100,110,120,130,140,150,160,170,180,190,200,210,220,230,240,250,260,270,280,290,300,310,320,330,340,350,360,370,380,390,400,410,420,430,440,450,460,470,480,490,500,510,520,530,540,550,560,570,580,590,600,610,620,630,640,650,660,670,680,690,700,710,720,730,740,750
1,2,3,4,5,6,7,8,9,10,11,12,13,14,15,16,17,18,19,20,21,22,23,24,25,26,27,28,29,30,31,32,33,34,35,36,37,38,39,40,41,42,43,44,45,46,47,48,49,50,51,52,53,54,55,56,57,58,59,60,61,62,63,64,65,66,67,68,69,70,71,72,73,74,75
0,0,4,4,4,4,4,4,4,5,5,5,5,5,5,5,5,5,5,5,5,5,5,5,5,5,5,5,5,5,5,6,6,6,6,6,6,6,6,6,6,6,6,6,6,6,6,6,6,6,6,6,6,7,7,7,7,7,7,7,7,7,7,7,7,7,7,7,7,7,7,7,7,7,7
2,2,4,4,4,4,4,4,4,5,5,5,5,5,5,5,5,5,5,5,5,5,5,5,5,5,5,5,5,5,5,6,6,6,6,6,6,6,6,6,6,6,6,6,6,6,6,6,6,6,6,6,6,7,7,7,7,7,7,7,7,7,7,7,7,7,7,7,7,7,7,7,7,7,7
1,2,3,4,5
2
1315,1517,171930,192130
1,2,3,4,5,6,7,8,9,10
-10,1
-20,2
-30,3
-40,4
-50,5
-60,6
-70,7
-80,8
-90,9
-100,10
-110,11
-120,12
-130,13
-140,14
-150,15
-160,16
-170,17
-180,18
-190,19
-200,20
-210,21
-220,22
-230,23
-240,24
-250,25
-260,26
-270,27
-280,28
-290,29
-300,30
-310,31
-320,32
-330,33
-340,34
-350,35
-360,36
-370,37
-380,38
-390,39
-400,40
-410,41
-420,42
-430,43
-440,44
-450,45
-460,46
-470,47
-480,48
-490,49
-500,50
-510,51
-520,52
-530,53
-540,54
-550,55
-560,56
-570,57
-580,58
-590,59
-600,60
-610,61
-620,62
-630,63
-640,64
-650,65
-660,66
-670,67
-680,68
-690,69
-700,70
-710,71
-720,72
-730,73
-740,74
-750,75
*10,3,2,1
*20,4,1
*30,1,5,2
*40,4
*50,3,2,5
*60,1,3
*70,1,2
*80,4,2,3
*90,1,3,4
*100,1,5,3
*110,2,1,5
*120,2,5,3
*130,5,4,3
*140,2,3
*150,3,2,5
*160,4,5,2
*170,3,5,2
*180,2,5
*190,4,5,3
*200,5,3,2,4
*210,3,1
*220,2
*230,2,3
*240,3,2
*250,1,5
*260,5,1
*270,1,4
*280,4,5
*290,4,5,2
*300,2,5
*310,3,1
*320,2,3,5,4
*330,4,2
*340,3
*350,3
*360,1,3
*370,1,4,3,2
*380,4,1
*390,1,4,3
*400,1,2,4
*410,4,1
*420,3,1
*430,1,4,3
*440,2,1
*450,2,4
*460,5,1,2
*470,2,4
*480,2,3
*490,3,4
*500,5,1
*510,3,5,2
*520,5,2,4
*530,2,4
*540,5,4,3
*550,3,1
*560,2,3
*570,5,3
*580,1,3,4
*590,4,1
*600,5,1,2
*610,4,5,1
*620,1,5
*630,3,1
*640,4,5
*650,3,1,4
*660,5,4
*670,4,3
*680,4,1
*690,1,2
*700,1,2,3
*710,3,2
*720,4,3
*730,1,5,2
*740,3
*750,3,5
>10,2
>20,2
>30,8
>40,8
>50,8
>60,8
>70,8
>80,8
>90,8
>100,10
>110,10
>120,10
>130,10
>140,10
>150,10
>160,10
>170,10
>180,10
>190,10
>200,10
>210,10
>220,10
>230,10
>240,10
>250,10
>260,10
>270,10
>280,10
>290,10
>300,10
>310,10
>320,12
>330,12
>340,12
>350,12
>360,12
>370,12
>380,12
>390,12
>400,12
>410,12
>420,12
>430,12
>440,12
>450,12
>460,12
>470,12
>480,12
>490,12
>500,12
>510,12
>520,12
>530,12
>540,14
>550,14
>560,14
>570,14
>580,14
>590,14
>600,14
>610,14
>620,14
>630,14
>640,14
>650,14
>660,14
>670,14
>680,14
>690,14
>700,14
>710,14
>720,14
>730,14
>740,14
>750,14
