10,20,30,40,50,60,70,80,90,100,110,120,130,140,150,160,170,180,190,200,210,220,230,240,250,260,270,280,290,300,310,320,330,340,350,360,370,380,390,400,410,420,430,440,450,460,470,480,490,500,510,520,530,540,550,560,570,580,590,600,610,620,630,640,650,660,670,680,690,700,710,720,730,740,750,760,770,780,790,800
1,2,3,4,5,6,7,8,9,10,11,12,13,14,15,16,17,18,19,20,21,22,23,24,25,26,27,28,29,30,31,32,33,34,35,36,37,38,39,40,41,42,43,44,45,46,47,48,49,50,51,52,53,54,55,56,57,58,59,60,61,62,63,64,65,66,67,68,69,70,71,72,73,74,75,76,77,78,79,80
4,4,4,4,4,4,4,4,5,5,5,5,5,5,5,5,5,5,5,5,5,5,5,5,5,5,5,5,5,5,5,5,6,6,6,6,6,6,6,6,6,6,6,6,6,6,6,6,6,6,6,6,6,6,6,6,7,7,7,7,7,7,7,7,7,7,7,7,7,7,7,7,7,7,7,7,7,7,7,7
4,4,4,4,4,4,4,4,5,5,5,5,5,5,5,5,5,5,5,5,5,5,5,5,5,5,5,5,5,5,5,5,6,6,6,6,6,6,6,6,6,6,6,6,6,6,6,6,6,6,6,6,6,6,6,6,7,7,7,7,7,7,7,7,7,7,7,7,7,7,7,7,7,7,7,7,7,7,7,7
1,2,3,4,5
1
1315,1517,171930,192130
1,2,3,4,5,6,7,8,9,10
-10,1
-20,2
-30,3
-40,4
-50,5
-60,6
-70,7
-80,8
-90,9
-100,10
-110,11
-120,12
-130,13
-140,14
-150,15
-160,16
-170,17
-180,18
-190,19
-200,20
-210,21
-220,22
-230,23
-240,24
-250,25
-260,26
-270,27
-280,28
-290,29
-300,30
-310,31
-320,32
-330,33
-340,34
-350,35
-360,36
-370,37
-380,38
-390,39
-400,40
-410,41
-420,42
-430,43
-440,44
-450,45
-460,46
-470,47
-480,48
-490,49
-500,50
-510,51
-520,52
-530,53
-540,54
-550,55
-560,56
-570,57
-580,58
-590,59
-600,60
-610,61
-620,62
-630,63
-640,64
-650,65
-660,66
-670,67
-680,68
-690,69
-700,70
-710,71
-720,72
-730,73
-740,74
-750,75
-760,76
-770,77
-780,78
-790,79
-800,80
*10,4,3
*20,5,3
*30,5,2,3,4
*40,4,1,5
*50,3,5,2
*60,1,3,2
*70,4,1
*80,1,4
*90,5,3
*100,2,3,4
*110,5,4,3
*120,5,1,3
*130,5,4
*140,4,3
*150,3
*160,2,4,1
*170,1,4,5,2
*180,4,1
*190,3
*200,2,4
*210,3
*220,1,2,4
*230,4,2,1
*240,5,2,3
*250,1,4,5
*260,2,3,4,5
*270,1,2
*280,1,3,4
*290,3,5,4
*300,4,5
*310,5,3
*320,3,1
*330,4,1,5
*340,5,3,4
*350,2,1,3
*360,2,1,3,4
*370,1,5,2,3
*380,3,4
*390,3,4
*400,5
*410,3,1
*420,1,5
*430,4,2,3
*440,3,5,1
*450,1,4,3
*460,2,5
*470,4,3,2
*480,1,2,5
*490,2
*500,2,5
*510,4,5,2,3
*520,5,3,1,4
*530,3,2
*540,3,1
*550,1,5
*560,2,3,5
*570,4,3
*580,5,4,2
*590,4,5
*600,1,2,5
*610,5,3
*620,2,4,5
*630,1,2,3
*640,5,4
*650,1,4
*660,5,2
*670,3,2,4
*680,4,2,5,3
*690,1,4,3
*700,2,1,4,3
*710,5,1
*720,5,4
*730,2,5,1
*740,1,4
*750,2,1,3
*760,1,3
*770,1,3
*780,4
*790,1,4
*800,5,4
>10,8
>20,8
>30,8
>40,8
>50,8
>60,8
>70,8
>80,8
>90,10
>100,10
>110,10
>120,10
>130,10
>140,10
>150,10
>160,10
>170,10
>180,10
>190,10
>200,10
>210,10
>220,10
>230,10
>240,10
>250,10
>260,10
>270,10
>280,10
>290,10
>300,10
>310,10
>320,10
>330,12
>340,12
>350,12
>360,12
>370,12
>380,12
>390,12
>400,12
>410,12
>420,12
>430,12
>440,12
>450,12
>460,12
>470,12
>480,12
>490,12
>500,12
>510,12
>520,12
>530,12
>540,12
>550,12
>560,12
>570,14
>580,14
>590,14
>600,14
>610,14
>620,14
>630,14
>640,14
>650,14
>660,14
>670,14
>680,14
>690,14
>700,14
>710,14
>720,14
>730,14
>740,14
>750,14
>760,14
>770,14
>780,14
>790,14
>800,14
