10,20,30,40,50,60,70,80,90,100,110,120,130,140,150,160,170,180,190,200,210,220,230,240,250,260,270,280,290,300,310,320,330,340,350,360,370,380,390,400,410,420,430,440,450,460,470,480,490,500,510,520,530,540,550,560,570,580,590,600,610,620,630,640,650,660,670,680,690,700,710,720,730,740,750,760,770,780,790,800,810,820,830,840,850
1,2,3,4,5,6,7,8,9,10,11,12,13,14,15,16,17,18,19,20,21,22,23,24,25,26,27,28,29,30,31,32,33,34,35,36,37,38,39,40,41,42,43,44,45,46,47,48,49,50,51,52,53,54,55,56,57,58,59,60,61,62,63,64,65,66,67,68,69,70,71,72,73,74,75,76,77,78,79,80,81,82,83,84,85
0,0,4,4,4,4,4,4,4,4,5,5,5,5,5,5,5,5,5,5,5,5,5,5,5,5,5,5,5,5,5,5,5,5,5,6,6,6,6,6,6,6,6,6,6,6,6,6,6,6,6,6,6,6,6,6,6,6,6,6,7,7,7,7,7,7,7,7,7,7,7,7,7,7,7,7,7,7,7,7,7,7,7,7,7
2,2,4,4,4,4,4,4,4,4,5,5,5,5,5,5,5,5,5,5,5,5,5,5,5,5,5,5,5,5,5,5,5,5,5,6,6,6,6,6,6,6,6,6,6,6,6,6,6,6,6,6,6,6,6,6,6,6,6,6,7,7,7,7,7,7,7,7,7,7,7,7,7,7,7,7,7,7,7,7,7,7,7,7,7
1,2,3,4,5
3
1315,1517,171930,192130
1,2,3,4,5,6,7,8,9,10
-10,1
-20,2
-30,3
-40,4
-50,5
-60,6
-70,7
-80,8
-90,9
-100,10
-110,11
-120,12
-130,13
-140,14
-150,15
-160,16
-170,17
-180,18
-190,19
-200,20
-210,21
-220,22
-230,23
-240,24
-250,25
-260,26
-270,27
-280,28
-290,29
-300,30
-310,31
-320,32
-330,33
-340,34
-350,35
-360,36
-370,37
-380,38
-390,39
-400,40
-410,41
-420,42
-430,43
-440,44
-450,45
-460,46
-470,47
-480,48
-490,49
-500,50
-510,51
-520,52
-530,53
-540,54
-550,55
-560,56
-570,57
-580,58
-590,59
-600,60
-610,61
-620,62
-630,63
-640,64
-650,65
-660,66
-670,67
-680,68
-690,69
-700,70
-710,71
-720,72
-730,73
-740,74
-750,75
-760,76
-770,77
-780,78
-790,79
-800,80
-810,81
-820,82
-830,83
-840,84
-850,85
*10,4,2
*20,2,1
*30,4,5
*40,2,5,4,1
*50,2,4
*60,3,2
*70,3,2
*80,1,5,3,2
*90,2,5,3
*100,4,2,5
*110,3,4,2
*120,2,5,4
*130,4,3
*140,5,2,4
*150,1,2,5
*160,3,4,2
*170,3,2
*180,5,3
*190,1,5
*200,2,1,4
*210,1,5
*220,2,1,3
*230,3,2,4
*240,2,1
*250,3,2
*260,4,1,2
*270,1,2,5
*280,2,5,4
*290,4,3
*300,4,5
*310,1,3,2
*320,1,2
*330,1,5
*340,2,1,3
*350,5,4
*360,4,1
*370,4,5,2,1
*380,5,3,2
*390,2,4,1
*400,2,4,5
*410,1,5,4
*420,4,3
*430,2,3,5
*440,4,3,2,5
*450,1,4
*460,3,2,4,5
*470,5,2,4
*480,3,5,4
*490,4,1
*500,5,2,1
*510,4,5
*520,2,5,4
*530,4,3,1
*540,5,1
*550,4,1
*560,3,2,1
*570,5,4
*580,2,1
*590,2
*600,5,1,3
*610,3,1,4
*620,4,1,2
*630,2,5,3
*640,2,5
*650,3,1
*660,5,3
*670,3,4,5
*680,2,4,1
*690,1
*700,1,2
*710,5,3,2
*720,1,3
*730,3,2,4
*740,3,5
*750,2,1
*760,5,4,3
*770,1,2
*780,3,4
*790,4,1,3,5
*800,2,5,1
*810,3,1,4
*820,4,5,1
*830,5,3
*840,2,4
*850,3,1
>10,2
>20,2
>30,8
>40,8
>50,8
>60,8
>70,8
>80,8
>90,8
>100,8
>110,10
>120,10
>130,10
>140,10
>150,10
>160,10
>170,10
>180,10
>190,10
>200,10
>210,10
>220,10
>230,10
>240,10
>250,10
>260,10
>270,10
>280,10
>290,10
>300,10
>310,10
>320,10
>330,10
>340,10
>350,10
>360,12
>370,12
>380,12
>390,12
>400,12
>410,12
>420,12
>430,12
>440,12
>450,12
>460,12
>470,12
>480,12
>490,12
>500,12
>510,12
>520,12
>530,12
>540,12
>550,12
>560,12
>570,12
>580,12
>590,12
>600,12
>610,14
>620,14
>630,14
>640,14
>650,14
>660,14
>670,14
>680,14
>690,14
>700,14
>710,14
>720,14
>730,14
>740,14
>750,14
>760,14
>770,14
>780,14
>790,14
>800,14
>810,14
>820,14
>830,14
>840,14
>850,14
