10,20,30,40,50,60,70,80,90,100,110,120,130,140,150,160,170,180,190,200,210,220,230,240,250,260,270,280,290,300,310,320,330,340,350,360,370,380,390,400,410,420,430,440,450,460,470,480,490,500,510,520,530,540,550,560,570,580,590,600,610,620,630,640,650,660,670,680,690,700,710,720,730,740,750,760,770,780,790,800,810,820,830,840,850,860,870,880,890,900,910,920,930,940,950,960,970,980,990,1000
1,2,3,4,5,6,7,8,9,10,11,12,13,14,15,16,17,18,19,20,21,22,23,24,25,26,27,28,29,30,31,32,33,34,35,36,37,38,39,40,41,42,43,44,45,46,47,48,49,50,51,52,53,54,55,56,57,58,59,60,61,62,63,64,65,66,67,68,69,70,71,72,73,74,75,76,77,78,79,80,81,82,83,84,85,86,87,88,89,90,91,92,93,94,95,96,97,98,99,100
4,4,4,4,4,4,4,4,4,4,5,5,5,5,5,5,5,5,5,5,5,5,5,5,5,5,5,5,5,5,5,5,5,5,5,5,5,5,5,5,6,6,6,6,6,6,6,6,6,6,6,6,6,6,6,6,6,6,6,6,6,6,6,6,6,6,6,6,6,6,7,7,7,7,7,7,7,7,7,7,7,7,7,7,7,7,7,7,7,7,7,7,7,7,7,7,7,7,7,7
4,4,4,4,4,4,4,4,4,4,5,5,5,5,5,5,5,5,5,5,5,5,5,5,5,5,5,5,5,5,5,5,5,5,5,5,5,5,5,5,6,6,6,6,6,6,6,6,6,6,6,6,6,6,6,6,6,6,6,6,6,6,6,6,6,6,6,6,6,6,7,7,7,7,7,7,7,7,7,7,7,7,7,7,7,7,7,7,7,7,7,7,7,7,7,7,7,7,7,7
1,2,3,4,5
5
1315,1517,171930,192130
1,2,3,4,5,6,7,8,9,10
-10,1
-20,2
-30,3
-40,4
-50,5
-60,6
-70,7
-80,8
-90,9
-100,10
-110,11
-120,12
-130,13
-140,14
-150,15
-160,16
-170,17
-180,18
-190,19
-200,20
-210,21
-220,22
-230,23
-240,24
-250,25
-260,26
-270,27
-280,28
-290,29
-300,30
-310,31
-320,32
-330,33
-340,34
-350,35
-360,36
-370,37
-380,38
-390,39
-400,40
-410,41
-420,42
-430,43
-440,44
-450,45
-460,46
-470,47
-480,48
-490,49
-500,50
-510,51
-520,52
-530,53
-540,54
-550,55
-560,56
-570,57
-580,58
-590,59
-600,60
-610,61
-620,62
-630,63
-640,64
-650,65
-660,66
-670,67
-680,68
-690,69
-700,70
-710,71
-720,72
-730,73
-740,74
-750,75
-760,76
-770,77
-780,78
-790,79
-800,80
-810,81
-820,82
-830,83
-840,84
-850,85
-860,86
-870,87
-880,88
-890,89
-900,90
-910,91
-920,92
-930,93
-940,94
-950,95
-960,96
-970,97
-980,98
-990,99
-1000,100
*10,3
*20,1,2,4
*30,1
*40,2,4
*50,4,1,3
*60,5,4
*70,3,4,2
*80,4,1
*90,1,4
*100,2,4
*110,3,2,1
*120,3,5,2
*130,2,5,4
*140,1,5
*150,4,3
*160,2,1
*170,1,4,5
*180,5,2,4
*190,3,2,5
*200,1,5
*210,3,2
*220,4,1
*230,2,4,5
*240,1,5
*250,1,4,2
*260,2,3
*270,4,1
*280,3,1
*290,2,3,1
*300,3,4
*310,1,2
*320,5,2
*330,5,3,1
*340,2,5,3
*350,1,4
*360,3,4,2
*370,2
*380,2,4
*390,1,3
*400,2,3
*410,1,2,5
*420,4,5
*430,1,2
*440,1,5
*450,5,3
*460,2,1,5
*470,3,4
*480,3
*490,3,4
*500,2,5
*510,1,5,2
*520,4,3
*530,1,4,2
*540,5,2,1
*550,4,1
*560,1
*570,3,2
*580,3,4
*590,5
*600,5,3
*610,4
*620,2,5
*630,2,3
*640,2,5,4
*650,1,5
*660,4,3,1,5
*670,1,2
*680,1,3
*690,2,3,4
*700,1,3
*710,5,4,2
*720,3,1,5,4
*730,5,1
*740,5,1
*750,3,4,1
*760,2,4
*770,2,3,1
*780,4,1,2
*790,1,3,2
*800,2,5
*810,2,4,5
*820,2,3
*830,4,5
*840,5,3,1
*850,3,1
*860,1,4
*870,5,2
*880,5,3
*890,5,1,4
*900,5,3,4
*910,3,4
*920,2,3,5,4
*930,3,4,1
*940,4,5
*950,4,2
*960,3,1,4
*970,3,4
*980,1,5
*990,1
*1000,4,1
>10,8
>20,8
>30,8
>40,8
>50,8
>60,8
>70,8
>80,8
>90,8
>100,8
>110,10
>120,10
>130,10
>140,10
>150,10
>160,10
>170,10
>180,10
>190,10
>200,10
>210,10
>220,10
>230,10
>240,10
>250,10
>260,10
>270,10
>280,10
>290,10
>300,10
>310,10
>320,10
>330,10
>340,10
>350,10
>360,10
>370,10
>380,10
>390,10
>400,10
>410,12
>420,12
>430,12
>440,12
>450,12
>460,12
>470,12
>480,12
>490,12
>500,12
>510,12
>520,12
>530,12
>540,12
>550,12
>560,12
>570,12
>580,12
>590,12
>600,12
>610,12
>620,12
>630,12
>640,12
>650,12
>660,12
>670,12
>680,12
>690,12
>700,12
>710,14
>720,14
>730,14
>740,14
>750,14
>760,14
>770,14
>780,14
>790,14
>800,14
>810,14
>820,14
>830,14
>840,14
>850,14
>860,14
>870,14
>880,14
>890,14
>900,14
>910,14
>920,14
>930,14
>940,14
>950,14
>960,14
>970,14
>980,14
>990,14
>1000,14
