10,20,30,40,50,60,70,80,90,100,110,120,130,140,150
1,2,3,4,5,6,7,8,9,10,11,12,13,14,15
0,0,4,5,5,5,5,6,6,6,6,7,7,7,7
2,2,4,5,5,5,5,6,6,6,6,7,7,7,7
1,2,3,4,5
3
1315,1517,171930,192130
1,2,3,4,5,6,7,8,9,10
-10,1
-20,2
-30,3
-40,4
-50,5
-60,6
-70,7
-80,8
-90,9
-100,10
-110,11
-120,12
-130,13
-140,14
-150,15
*10,1,5,2
*20,5,3
*30,3,2,5
*40,3,5,1
*50,4,3
*60,4,5,3
*70,2,5
*80,5,3
*90,3,4
*100,1,3,2
*110,2,4
*120,2
*130,5,4,1
*140,1,4
*150,2,4,3
>10,2
>20,2
>30,8
>40,10
>50,10
>60,10
>70,10
>80,12
>90,12
>100,12
>110,12
>120,14
>130,14
>140,14
>150,14
