10,20,30,40,50,60,70,80,90,100,110,120,130,140,150,160,170,180,190,200,210,220,230,240,250,260,270,280,290,300,310,320,330,340,350,360,370,380,390,400,410,420,430,440,450,460,470,480,490,500,510,520,530,540,550,560,570,580,590,600,610,620,630,640,650,660,670,680,690,700,710,720,730,740,750,760,770,780,790,800,810,820,830,840,850,860,870,880,890,900,910,920,930,940,950,960,970,980,990,1000,1010,1020,1030,1040,1050
1,2,3,4,5,6,7,8,9,10,11,12,13,14,15,16,17,18,19,20,21,22,23,24,25,26,27,28,29,30,31,32,33,34,35,36,37,38,39,40,41,42,43,44,45,46,47,48,49,50,51,52,53,54,55,56,57,58,59,60,61,62,63,64,65,66,67,68,69,70,71,72,73,74,75,76,77,78,79,80,81,82,83,84,85,86,87,88,89,90,91,92,93,94,95,96,97,98,99,100,101,102,103,104,105
0,0,4,4,4,4,4,4,4,4,4,4,5,5,5,5,5,5,5,5,5,5,5,5,5,5,5,5,5,5,5,5,5,5,5,5,5,5,5,5,5,5,5,6,6,6,6,6,6,6,6,6,6,6,6,6,6,6,6,6,6,6,6,6,6,6,6,6,6,6,6,6,6,6,7,7,7,7,7,7,7,7,7,7,7,7,7,7,7,7,7,7,7,7,7,7,7,7,7,7,7,7,7,7,7
2,2,4,4,4,4,4,4,4,4,4,4,5,5,5,5,5,5,5,5,5,5,5,5,5,5,5,5,5,5,5,5,5,5,5,5,5,5,5,5,5,5,5,6,6,6,6,6,6,6,6,6,6,6,6,6,6,6,6,6,6,6,6,6,6,6,6,6,6,6,6,6,6,6,7,7,7,7,7,7,7,7,7,7,7,7,7,7,7,7,7,7,7,7,7,7,7,7,7,7,7,7,7,7,7
1,2,3,4,5
5
1315,1517,171930,192130
1,2,3,4,5,6,7,8,9,10
-10,1
-20,2
-30,3
-40,4
-50,5
-60,6
-70,7
-80,8
-90,9
-100,10
-110,11
-120,12
-130,13
-140,14
-150,15
-160,16
-170,17
-180,18
-190,19
-200,20
-210,21
-220,22
-230,23
-240,24
-250,25
-260,26
-270,27
-280,28
-290,29
-300,30
-310,31
-320,32
-330,33
-340,34
-350,35
-360,36
-370,37
-380,38
-390,39
-400,40
-410,41
-420,42
-430,43
-440,44
-450,45
-460,46
-470,47
-480,48
-490,49
-500,50
-510,51
-520,52
-530,53
-540,54
-550,55
-560,56
-570,57
-580,58
-590,59
-600,60
-610,61
-620,62
-630,63
-640,64
-650,65
-660,66
-670,67
-680,68
-690,69
-700,70
-710,71
-720,72
-730,73
-740,74
-750,75
-760,76
-770,77
-780,78
-790,79
-800,80
-810,81
-820,82
-830,83
-840,84
-850,85
-860,86
-870,87
-880,88
-890,89
-900,90
-910,91
-920,92
-930,93
-940,94
-950,95
-960,96
-970,97
-980,98
-990,99
-1000,100
-1010,101
-1020,102
-1030,103
-1040,104
-1050,105
*10,1,5
*20,5,3
*30,1
*40,4,1,5
*50,4,2,3
*60,2,1,4
*70,3,4
*80,4
*90,4,5,1
*100,5,1,3
*110,3,4
*120,3,1
*130,1
*140,2,3
*150,4,5
*160,4,5
*170,3,5
*180,5,2
*190,5,4,1
*200,1,5
*210,4,1
*220,5,3,1
*230,3,2,4
*240,5,4
*250,3,4
*260,4,3
*270,4,5
*280,3,2
*290,3,1
*300,4,1,3
*310,1,2,5
*320,5,1,4
*330,2,3
*340,1,2,3
*350,3,5
*360,3,4,5
*370,3,4
*380,2,1,3
*390,3,4,1
*400,2,5
*410,1,4
*420,1,3
*430,5,4,1
*440,1,5
*450,3,4
*460,1,2
*470,1,4
*480,5,2,3,1
*490,3,4,1
*500,3,4
*510,1,4
*520,2,1,3
*530,3,5
*540,2,4,3
*550,5,1
*560,2,1
*570,1,3
*580,3,2,5
*590,2
*600,2,1,4,3
*610,2,4,5
*620,1,4
*630,1,4,2
*640,1,5,3
*650,4,2
*660,3,5
*670,4,3
*680,5,3,1
*690,4,2
*700,1,5
*710,2,5
*720,5,2,3
*730,2,3,5
*740,5,1
*750,1,4,5
*760,4,2,5
*770,4,5
*780,2,3,4
*790,4,1
*800,5,2
*810,2,4
*820,4,5
*830,1,2,5
*840,3,4
*850,2,4
*860,3
*870,5,1
*880,3,2
*890,1,2
*900,1
*910,3,4,1
*920,4,2
*930,5,2
*940,3,4
*950,4,2
*960,4,1,2
*970,4,3
*980,4,3
*990,3
*1000,4,1
*1010,4,3,5
*1020,4,1
*1030,5
*1040,3,4
*1050,1,4
>10,2
>20,2
>30,8
>40,8
>50,8
>60,8
>70,8
>80,8
>90,8
>100,8
>110,8
>120,8
>130,10
>140,10
>150,10
>160,10
>170,10
>180,10
>190,10
>200,10
>210,10
>220,10
>230,10
>240,10
>250,10
>260,10
>270,10
>280,10
>290,10
>300,10
>310,10
>320,10
>330,10
>340,10
>350,10
>360,10
>370,10
>380,10
>390,10
>400,10
>410,10
>420,10
>430,10
>440,12
>450,12
>460,12
>470,12
>480,12
>490,12
>500,12
>510,12
>520,12
>530,12
>540,12
>550,12
>560,12
>570,12
>580,12
>590,12
>600,12
>610,12
>620,12
>630,12
>640,12
>650,12
>660,12
>670,12
>680,12
>690,12
>700,12
>710,12
>720,12
>730,12
>740,12
>750,14
>760,14
>770,14
>780,14
>790,14
>800,14
>810,14
>820,14
>830,14
>840,14
>850,14
>860,14
>870,14
>880,14
>890,14
>900,14
>910,14
>920,14
>930,14
>940,14
>950,14
>960,14
>970,14
>980,14
>990,14
>1000,14
>1010,14
>1020,14
>1030,14
>1040,14
>1050,14
