10,20,30,40,50,60,70,80,90,100,110,120,130,140,150,160,170,180,190,200,210,220,230,240,250,260,270,280,290,300,310,320,330,340,350,360,370,380,390,400,410,420,430,440,450,460,470,480,490,500,510,520,530,540,550,560,570,580,590,600,610,620,630,640,650,660,670,680,690,700,710,720,730,740,750,760,770,780,790,800,810,820,830,840,850,860,870,880,890,900,910,920,930,940,950,960,970,980,990,1000,1010,1020,1030,1040,1050,1060,1070,1080,1090,1100,1110,1120,1130,1140,1150
1,2,3,4,5,6,7,8,9,10,11,12,13,14,15,16,17,18,19,20,21,22,23,24,25,26,27,28,29,30,31,32,33,34,35,36,37,38,39,40,41,42,43,44,45,46,47,48,49,50,51,52,53,54,55,56,57,58,59,60,61,62,63,64,65,66,67,68,69,70,71,72,73,74,75,76,77,78,79,80,81,82,83,84,85,86,87,88,89,90,91,92,93,94,95,96,97,98,99,100,101,102,103,104,105,106,107,108,109,110,111,112,113,114,115
0,0,4,4,4,4,4,4,4,4,4,4,4,5,5,5,5,5,5,5,5,5,5,5,5,5,5,5,5,5,5,5,5,5,5,5,5,5,5,5,5,5,5,5,5,5,5,6,6,6,6,6,6,6,6,6,6,6,6,6,6,6,6,6,6,6,6,6,6,6,6,6,6,6,6,6,6,6,6,6,6,7,7,7,7,7,7,7,7,7,7,7,7,7,7,7,7,7,7,7,7,7,7,7,7,7,7,7,7,7,7,7,7,7,7
2,2,4,4,4,4,4,4,4,4,4,4,4,5,5,5,5,5,5,5,5,5,5,5,5,5,5,5,5,5,5,5,5,5,5,5,5,5,5,5,5,5,5,5,5,5,5,6,6,6,6,6,6,6,6,6,6,6,6,6,6,6,6,6,6,6,6,6,6,6,6,6,6,6,6,6,6,6,6,6,6,7,7,7,7,7,7,7,7,7,7,7,7,7,7,7,7,7,7,7,7,7,7,7,7,7,7,7,7,7,7,7,7,7,7
1,2,3,4,5
4
1315,1517,171930,192130
1,2,3,4,5,6,7,8,9,10
-10,1
-20,2
-30,3
-40,4
-50,5
-60,6
-70,7
-80,8
-90,9
-100,10
-110,11
-120,12
-130,13
-140,14
-150,15
-160,16
-170,17
-180,18
-190,19
-200,20
-210,21
-220,22
-230,23
-240,24
-250,25
-260,26
-270,27
-280,28
-290,29
-300,30
-310,31
-320,32
-330,33
-340,34
-350,35
-360,36
-370,37
-380,38
-390,39
-400,40
-410,41
-420,42
-430,43
-440,44
-450,45
-460,46
-470,47
-480,48
-490,49
-500,50
-510,51
-520,52
-530,53
-540,54
-550,55
-560,56
-570,57
-580,58
-590,59
-600,60
-610,61
-620,62
-630,63
-640,64
-650,65
-660,66
-670,67
-680,68
-690,69
-700,70
-710,71
-720,72
-730,73
-740,74
-750,75
-760,76
-770,77
-780,78
-790,79
-800,80
-810,81
-820,82
-830,83
-840,84
-850,85
-860,86
-870,87
-880,88
-890,89
-900,90
-910,91
-920,92
-930,93
-940,94
-950,95
-960,96
-970,97
-980,98
-990,99
-1000,100
-1010,101
-1020,102
-1030,103
-1040,104
-1050,105
-1060,106
-1070,107
-1080,108
-1090,109
-1100,110
-1110,111
-1120,112
-1130,113
-1140,114
-1150,115
*10,5
*20,5,3
*30,2,3
*40,5,3,2
*50,1,4
*60,1,5
*70,1,5
*80,1,2,4
*90,3,5
*100,3,4
*110,2,3
*120,4
*130,4,1
*140,4,1,2
*150,1,2,3
*160,1
*170,5,2,4
*180,2,4,3
*190,1,5,2
*200,1,5,4
*210,1
*220,1,3,5
*230,2,4
*240,1
*250,2,4
*260,5,4
*270,4,3
*280,5,4
*290,3,1
*300,4,3,1
*310,5,1
*320,3,2,4
*330,4,3,2
*340,5,3,2,4
*350,1,4,5
*360,1,5
*370,3,5
*380,2,5,3,1
*390,1,4
*400,1,4,2
*410,2,5,4
*420,3,4
*430,3,1
*440,3,2
*450,3,2,4
*460,1,2
*470,1,2
*480,1,5
*490,1
*500,4,5,2
*510,2,3,1,4
*520,5,4,3
*530,5,1
*540,3,4,2
*550,4,3,1,2
*560,3,4
*570,2,3
*580,2,4,3,5
*590,4,1
*600,5,4
*610,5,1,3
*620,3,5
*630,2,3,1
*640,4
*650,1,4,2
*660,1
*670,3,5
*680,1,5,3
*690,4,2
*700,3,1
*710,5,1,2
*720,5,4,3
*730,2,3
*740,5,4,3
*750,5,3
*760,1,3
*770,4,5
*780,5
*790,2,3
*800,5,2,3
*810,1,5,2,3
*820,1,3,2,4
*830,1,4
*840,3,4,2,5
*850,5,1
*860,4,3,2
*870,5,1
*880,3,5
*890,2,4
*900,3,5
*910,3
*920,3
*930,4,5
*940,5,1,4,2
*950,1,3
*960,2,5,4
*970,4,3,2
*980,5,3
*990,4,1
*1000,3,5,1
*1010,3,5
*1020,4,3,5
*1030,4,2,1
*1040,5,2,3
*1050,5,1
*1060,1,4
*1070,2,3,1
*1080,3,5
*1090,4,1
*1100,1,2,5
*1110,5,1,3,4
*1120,3,4,5
*1130,2,1
*1140,4,5
*1150,4,3,1
>10,2
>20,2
>30,8
>40,8
>50,8
>60,8
>70,8
>80,8
>90,8
>100,8
>110,8
>120,8
>130,8
>140,10
>150,10
>160,10
>170,10
>180,10
>190,10
>200,10
>210,10
>220,10
>230,10
>240,10
>250,10
>260,10
>270,10
>280,10
>290,10
>300,10
>310,10
>320,10
>330,10
>340,10
>350,10
>360,10
>370,10
>380,10
>390,10
>400,10
>410,10
>420,10
>430,10
>440,10
>450,10
>460,10
>470,10
>480,12
>490,12
>500,12
>510,12
>520,12
>530,12
>540,12
>550,12
>560,12
>570,12
>580,12
>590,12
>600,12
>610,12
>620,12
>630,12
>640,12
>650,12
>660,12
>670,12
>680,12
>690,12
>700,12
>710,12
>720,12
>730,12
>740,12
>750,12
>760,12
>770,12
>780,12
>790,12
>800,12
>810,12
>820,14
>830,14
>840,14
>850,14
>860,14
>870,14
>880,14
>890,14
>900,14
>910,14
>920,14
>930,14
>940,14
>950,14
>960,14
>970,14
>980,14
>990,14
>1000,14
>1010,14
>1020,14
>1030,14
>1040,14
>1050,14
>1060,14
>1070,14
>1080,14
>1090,14
>1100,14
>1110,14
>1120,14
>1130,14
>1140,14
>1150,14
