10,20,30,40,50,60,70,80,90,100,110,120,130,140,150,160,170,180,190,200,210,220,230,240,250,260,270,280,290,300,310,320,330,340,350,360,370,380,390,400,410,420,430,440,450,460,470,480,490,500,510,520,530,540,550,560,570,580,590,600,610,620,630,640,650,660,670,680,690,700,710,720,730,740,750,760,770,780,790,800,810,820,830,840,850,860,870,880,890,900,910,920,930,940,950,960,970,980,990,1000,1010,1020,1030,1040,1050,1060,1070,1080,1090,1100,1110,1120,1130,1140,1150,1160,1170,1180,1190,1200,1210,1220,1230,1240,1250
1,2,3,4,5,6,7,8,9,10,11,12,13,14,15,16,17,18,19,20,21,22,23,24,25,26,27,28,29,30,31,32,33,34,35,36,37,38,39,40,41,42,43,44,45,46,47,48,49,50,51,52,53,54,55,56,57,58,59,60,61,62,63,64,65,66,67,68,69,70,71,72,73,74,75,76,77,78,79,80,81,82,83,84,85,86,87,88,89,90,91,92,93,94,95,96,97,98,99,100,101,102,103,104,105,106,107,108,109,110,111,112,113,114,115,116,117,118,119,120,121,122,123,124,125
0,0,4,4,4,4,4,4,4,4,4,4,4,4,5,5,5,5,5,5,5,5,5,5,5,5,5,5,5,5,5,5,5,5,5,5,5,5,5,5,5,5,5,5,5,5,5,5,5,5,5,6,6,6,6,6,6,6,6,6,6,6,6,6,6,6,6,6,6,6,6,6,6,6,6,6,6,6,6,6,6,6,6,6,6,6,6,6,7,7,7,7,7,7,7,7,7,7,7,7,7,7,7,7,7,7,7,7,7,7,7,7,7,7,7,7,7,7,7,7,7,7,7,7,7
2,2,4,4,4,4,4,4,4,4,4,4,4,4,5,5,5,5,5,5,5,5,5,5,5,5,5,5,5,5,5,5,5,5,5,5,5,5,5,5,5,5,5,5,5,5,5,5,5,5,5,6,6,6,6,6,6,6,6,6,6,6,6,6,6,6,6,6,6,6,6,6,6,6,6,6,6,6,6,6,6,6,6,6,6,6,6,6,7,7,7,7,7,7,7,7,7,7,7,7,7,7,7,7,7,7,7,7,7,7,7,7,7,7,7,7,7,7,7,7,7,7,7,7,7
1,2,3,4,5
2
1315,1517,171930,192130
1,2,3,4,5,6,7,8,9,10
-10,1
-20,2
-30,3
-40,4
-50,5
-60,6
-70,7
-80,8
-90,9
-100,10
-110,11
-120,12
-130,13
-140,14
-150,15
-160,16
-170,17
-180,18
-190,19
-200,20
-210,21
-220,22
-230,23
-240,24
-250,25
-260,26
-270,27
-280,28
-290,29
-300,30
-310,31
-320,32
-330,33
-340,34
-350,35
-360,36
-370,37
-380,38
-390,39
-400,40
-410,41
-420,42
-430,43
-440,44
-450,45
-460,46
-470,47
-480,48
-490,49
-500,50
-510,51
-520,52
-530,53
-540,54
-550,55
-560,56
-570,57
-580,58
-590,59
-600,60
-610,61
-620,62
-630,63
-640,64
-650,65
-660,66
-670,67
-680,68
-690,69
-700,70
-710,71
-720,72
-730,73
-740,74
-750,75
-760,76
-770,77
-780,78
-790,79
-800,80
-810,81
-820,82
-830,83
-840,84
-850,85
-860,86
-870,87
-880,88
-890,89
-900,90
-910,91
-920,92
-930,93
-940,94
-950,95
-960,96
-970,97
-980,98
-990,99
-1000,100
-1010,101
-1020,102
-1030,103
-1040,104
-1050,105
-1060,106
-1070,107
-1080,108
-1090,109
-1100,110
-1110,111
-1120,112
-1130,113
-1140,114
-1150,115
-1160,116
-1170,117
-1180,118
-1190,119
-1200,120
-1210,121
-1220,122
-1230,123
-1240,124
-1250,125
*10,3,4
*20,1,2,3
*30,3
*40,4,3,2
*50,3,2,4
*60,2,3,4
*70,2,4,1,3
*80,5,2,3
*90,4,5
*100,3,4
*110,5,1
*120,4,3,2
*130,5,3,4
*140,1,2
*150,2,1
*160,4,3,1,2
*170,4
*180,1,4,5
*190,4,5
*200,2,5,4
*210,4,5
*220,4,5,3
*230,3,5,2,4
*240,2,1
*250,4,1
*260,1,5,2
*270,3
*280,3
*290,1,3,5
*300,3,4
*310,4,2,3
*320,3,5
*330,5,2,1
*340,3,5
*350,5,4
*360,5,1,4
*370,1,3
*380,5,1,4
*390,3,1,2
*400,4,1,3
*410,5,3
*420,2,5
*430,1,4
*440,2,3
*450,4,5,3
*460,3,1,2
*470,3,2
*480,3,1,5,2
*490,2,3,5
*500,3,5,1,4
*510,5,2
*520,2,1
*530,5,4
*540,2,5,3
*550,4
*560,2,5
*570,3,5,4
*580,1,5
*590,5,4,3,1
*600,5,3,2,1
*610,5
*620,1,5,4
*630,3,5,2
*640,2,5
*650,5,4,3
*660,1
*670,2,3,1
*680,4,1,3
*690,3,4
*700,3,4
*710,1,4,3
*720,2,1
*730,2,3,5
*740,3,5
*750,4,5
*760,5,4
*770,4,2
*780,4,3
*790,1,5
*800,2,3,1
*810,2,3,4
*820,4
*830,1,3
*840,4,1
*850,1,4,5
*860,4
*870,1,3
*880,3,2
*890,4,1
*900,1,2
*910,5,2
*920,2,4
*930,4,2
*940,4,2,5
*950,5,3,2
*960,4,5
*970,1,5
*980,5,2,4,3
*990,5,4,3
*1000,2,1
*1010,1,4
*1020,5,4,2
*1030,4,1,5
*1040,2
*1050,3,4
*1060,4,2,3
*1070,1
*1080,5,3
*1090,5,2,4
*1100,4,5
*1110,5,3,2
*1120,3,4,2
*1130,4,2
*1140,1,3
*1150,3,1,5
*1160,1,2
*1170,1,5
*1180,1,2
*1190,3,2,4
*1200,3,2
*1210,3,5
*1220,5,3
*1230,5,1
*1240,1,2,5
*1250,2
>10,2
>20,2
>30,8
>40,8
>50,8
>60,8
>70,8
>80,8
>90,8
>100,8
>110,8
>120,8
>130,8
>140,8
>150,10
>160,10
>170,10
>180,10
>190,10
>200,10
>210,10
>220,10
>230,10
>240,10
>250,10
>260,10
>270,10
>280,10
>290,10
>300,10
>310,10
>320,10
>330,10
>340,10
>350,10
>360,10
>370,10
>380,10
>390,10
>400,10
>410,10
>420,10
>430,10
>440,10
>450,10
>460,10
>470,10
>480,10
>490,10
>500,10
>510,10
>520,12
>530,12
>540,12
>550,12
>560,12
>570,12
>580,12
>590,12
>600,12
>610,12
>620,12
>630,12
>640,12
>650,12
>660,12
>670,12
>680,12
>690,12
>700,12
>710,12
>720,12
>730,12
>740,12
>750,12
>760,12
>770,12
>780,12
>790,12
>800,12
>810,12
>820,12
>830,12
>840,12
>850,12
>860,12
>870,12
>880,12
>890,14
>900,14
>910,14
>920,14
>930,14
>940,14
>950,14
>960,14
>970,14
>980,14
>990,14
>1000,14
>1010,14
>1020,14
>1030,14
>1040,14
>1050,14
>1060,14
>1070,14
>1080,14
>1090,14
>1100,14
>1110,14
>1120,14
>1130,14
>1140,14
>1150,14
>1160,14
>1170,14
>1180,14
>1190,14
>1200,14
>1210,14
>1220,14
>1230,14
>1240,14
>1250,14
