10,20,30,40,50,60,70,80,90,100,110,120,130,140,150,160,170,180,190,200,210,220,230,240,250,260,270,280,290,300,310,320,330,340,350,360,370,380,390,400,410,420,430,440,450,460,470,480,490,500,510,520,530,540,550,560,570,580,590,600,610,620,630,640,650,660,670,680,690,700,710,720,730,740,750,760,770,780,790,800,810,820,830,840,850,860,870,880,890,900,910,920,930,940,950,960,970,980,990,1000,1010,1020,1030,1040,1050,1060,1070,1080,1090,1100,1110,1120,1130,1140,1150,1160,1170,1180,1190,1200,1210,1220,1230,1240,1250,1260,1270,1280,1290,1300,1310,1320,1330,1340,1350,1360,1370,1380,1390,1400,1410,1420,1430,1440,1450,1460,1470,1480,1490,1500
1,2,3,4,5,6,7,8,9,10,11,12,13,14,15,16,17,18,19,20,21,22,23,24,25,26,27,28,29,30,31,32,33,34,35,36,37,38,39,40,41,42,43,44,45,46,47,48,49,50,51,52,53,54,55,56,57,58,59,60,61,62,63,64,65,66,67,68,69,70,71,72,73,74,75,76,77,78,79,80,81,82,83,84,85,86,87,88,89,90,91,92,93,94,95,96,97,98,99,100,101,102,103,104,105,106,107,108,109,110,111,112,113,114,115,116,117,118,119,120,121,122,123,124,125,126,127,128,129,130,131,132,133,134,135,136,137,138,139,140,141,142,143,144,145,146,147,148,149,150
4,4,4,4,4,4,4,4,4,4,4,4,4,4,4,5,5,5,5,5,5,5,5,5,5,5,5,5,5,5,5,5,5,5,5,5,5,5,5,5,5,5,5,5,5,5,5,5,5,5,5,5,5,5,5,5,5,5,5,5,6,6,6,6,6,6,6,6,6,6,6,6,6,6,6,6,6,6,6,6,6,6,6,6,6,6,6,6,6,6,6,6,6,6,6,6,6,6,6,6,6,6,6,6,6,7,7,7,7,7,7,7,7,7,7,7,7,7,7,7,7,7,7,7,7,7,7,7,7,7,7,7,7,7,7,7,7,7,7,7,7,7,7,7,7,7,7,7,7,7
4,4,4,4,4,4,4,4,4,4,4,4,4,4,4,5,5,5,5,5,5,5,5,5,5,5,5,5,5,5,5,5,5,5,5,5,5,5,5,5,5,5,5,5,5,5,5,5,5,5,5,5,5,5,5,5,5,5,5,5,6,6,6,6,6,6,6,6,6,6,6,6,6,6,6,6,6,6,6,6,6,6,6,6,6,6,6,6,6,6,6,6,6,6,6,6,6,6,6,6,6,6,6,6,6,7,7,7,7,7,7,7,7,7,7,7,7,7,7,7,7,7,7,7,7,7,7,7,7,7,7,7,7,7,7,7,7,7,7,7,7,7,7,7,7,7,7,7,7,7
1,2,3,4,5
2
1315,1517,171930,192130
1,2,3,4,5,6,7,8,9,10
-10,1
-20,2
-30,3
-40,4
-50,5
-60,6
-70,7
-80,8
-90,9
-100,10
-110,11
-120,12
-130,13
-140,14
-150,15
-160,16
-170,17
-180,18
-190,19
-200,20
-210,21
-220,22
-230,23
-240,24
-250,25
-260,26
-270,27
-280,28
-290,29
-300,30
-310,31
-320,32
-330,33
-340,34
-350,35
-360,36
-370,37
-380,38
-390,39
-400,40
-410,41
-420,42
-430,43
-440,44
-450,45
-460,46
-470,47
-480,48
-490,49
-500,50
-510,51
-520,52
-530,53
-540,54
-550,55
-560,56
-570,57
-580,58
-590,59
-600,60
-610,61
-620,62
-630,63
-640,64
-650,65
-660,66
-670,67
-680,68
-690,69
-700,70
-710,71
-720,72
-730,73
-740,74
-750,75
-760,76
-770,77
-780,78
-790,79
-800,80
-810,81
-820,82
-830,83
-840,84
-850,85
-860,86
-870,87
-880,88
-890,89
-900,90
-910,91
-920,92
-930,93
-940,94
-950,95
-960,96
-970,97
-980,98
-990,99
-1000,100
-1010,101
-1020,102
-1030,103
-1040,104
-1050,105
-1060,106
-1070,107
-1080,108
-1090,109
-1100,110
-1110,111
-1120,112
-1130,113
-1140,114
-1150,115
-1160,116
-1170,117
-1180,118
-1190,119
-1200,120
-1210,121
-1220,122
-1230,123
-1240,124
-1250,125
-1260,126
-1270,127
-1280,128
-1290,129
-1300,130
-1310,131
-1320,132
-1330,133
-1340,134
-1350,135
-1360,136
-1370,137
-1380,138
-1390,139
-1400,140
-1410,141
-1420,142
-1430,143
-1440,144
-1450,145
-1460,146
-1470,147
-1480,148
-1490,149
-1500,150
*10,3,1,4
*20,5,1,3
*30,2,3
*40,5,1,2
*50,4
*60,3
*70,4,3,2,5
*80,2,1
*90,1,3,4
*100,5,1,4
*110,1,4,3
*120,2,4
*130,3,4
*140,3,5
*150,1,3
*160,3,5
*170,2,3,1
*180,2,3,1
*190,4,2,1
*200,5,1
*210,1,3
*220,4,5,3,1
*230,3,1,5
*240,5,4,2
*250,4,2,1
*260,2,1,3
*270,3,4
*280,2,5
*290,2,5,3
*300,1,2,5
*310,2,1
*320,2,1,5
*330,3,5
*340,5,2
*350,1,4
*360,5,3,4
*370,1,4,3
*380,5,4,1
*390,4,2,1
*400,5,3,2
*410,5,1
*420,1,4,3
*430,1,3,4
*440,1,4,5
*450,2,4,1
*460,4,5,2
*470,2,4,1,5
*480,2,4,3
*490,2,1
*500,5,4,3
*510,4,5,1
*520,5,3
*530,1,2
*540,1,3
*550,3,4,5
*560,4,5
*570,4,3,1
*580,2,4
*590,4,3,5
*600,2,1
*610,1,3
*620,5,1,2
*630,1,3
*640,5,2,4,1
*650,1,2
*660,1,2
*670,4,3
*680,3,4
*690,1,3
*700,2,4
*710,1,5
*720,5,1,3
*730,5,2
*740,4,2
*750,1,3
*760,4,2
*770,5,1
*780,2,5,3
*790,5,2
*800,4,2
*810,3,4,1,2
*820,3,2,4
*830,4
*840,2,4
*850,2,5
*860,5,4,1
*870,3
*880,2,1,5
*890,4,1,2
*900,2,4
*910,4,2
*920,4,2
*930,5
*940,3,5
*950,5,3
*960,2
*970,5,4,3
*980,3
*990,1,3
*1000,4
*1010,2,5,4
*1020,5,3
*1030,3,2
*1040,1,4,3
*1050,3,5
*1060,2,5
*1070,5,2
*1080,4,3
*1090,3,5,1
*1100,4,3
*1110,4,1,2
*1120,5,3
*1130,2,5,3
*1140,3,1,4
*1150,2,4,3
*1160,1,2
*1170,3,4
*1180,3,1
*1190,1,3,4
*1200,2,4,1
*1210,2
*1220,4,2
*1230,4,1,5
*1240,3,5
*1250,4,2
*1260,2,4,3
*1270,4,2
*1280,5
*1290,1
*1300,4,1,5
*1310,4,2,3
*1320,4,2,3
*1330,3,4
*1340,4,2
*1350,5,2
*1360,4,3,2
*1370,2,4,1
*1380,1,2
*1390,5,1
*1400,4,3
*1410,3,2,1
*1420,4,1,5
*1430,2,1
*1440,5,1,3
*1450,5,4,3
*1460,4,5
*1470,4,1
*1480,1,2
*1490,2,3
*1500,5,4
>10,8
>20,8
>30,8
>40,8
>50,8
>60,8
>70,8
>80,8
>90,8
>100,8
>110,8
>120,8
>130,8
>140,8
>150,8
>160,10
>170,10
>180,10
>190,10
>200,10
>210,10
>220,10
>230,10
>240,10
>250,10
>260,10
>270,10
>280,10
>290,10
>300,10
>310,10
>320,10
>330,10
>340,10
>350,10
>360,10
>370,10
>380,10
>390,10
>400,10
>410,10
>420,10
>430,10
>440,10
>450,10
>460,10
>470,10
>480,10
>490,10
>500,10
>510,10
>520,10
>530,10
>540,10
>550,10
>560,10
>570,10
>580,10
>590,10
>600,10
>610,12
>620,12
>630,12
>640,12
>650,12
>660,12
>670,12
>680,12
>690,12
>700,12
>710,12
>720,12
>730,12
>740,12
>750,12
>760,12
>770,12
>780,12
>790,12
>800,12
>810,12
>820,12
>830,12
>840,12
>850,12
>860,12
>870,12
>880,12
>890,12
>900,12
>910,12
>920,12
>930,12
>940,12
>950,12
>960,12
>970,12
>980,12
>990,12
>1000,12
>1010,12
>1020,12
>1030,12
>1040,12
>1050,12
>1060,14
>1070,14
>1080,14
>1090,14
>1100,14
>1110,14
>1120,14
>1130,14
>1140,14
>1150,14
>1160,14
>1170,14
>1180,14
>1190,14
>1200,14
>1210,14
>1220,14
>1230,14
>1240,14
>1250,14
>1260,14
>1270,14
>1280,14
>1290,14
>1300,14
>1310,14
>1320,14
>1330,14
>1340,14
>1350,14
>1360,14
>1370,14
>1380,14
>1390,14
>1400,14
>1410,14
>1420,14
>1430,14
>1440,14
>1450,14
>1460,14
>1470,14
>1480,14
>1490,14
>1500,14
