10,20,30,40,50,60,70,80,90,100,110,120,130,140,150,160,170,180,190,200
1,2,3,4,5,6,7,8,9,10,11,12,13,14,15,16,17,18,19,20
4,4,5,5,5,5,5,5,6,6,6,6,6,6,7,7,7,7,7,7
4,4,5,5,5,5,5,5,6,6,6,6,6,6,7,7,7,7,7,7
1,2,3,4,5
4
1315,1517,171930,192130
1,2,3,4,5,6,7,8,9,10
-10,1
-20,2
-30,3
-40,4
-50,5
-60,6
-70,7
-80,8
-90,9
-100,10
-110,11
-120,12
-130,13
-140,14
-150,15
-160,16
-170,17
-180,18
-190,19
-200,20
*10,4,1
*20,1,4,5
*30,1,5
*40,4,1
*50,4,5
*60,5,1
*70,4,5
*80,1,5
*90,5
*100,5,2
*110,4,2
*120,1,2,5
*130,2,1,3
*140,2,5,1
*150,5,2
*160,2,3
*170,1,2,4
*180,5,4,1
*190,4,2,1
*200,4,3,5
>10,8
>20,8
>30,10
>40,10
>50,10
>60,10
>70,10
>80,10
>90,12
>100,12
>110,12
>120,12
>130,12
>140,12
>150,14
>160,14
>170,14
>180,14
>190,14
>200,14
