10,20,30,40,50,60,70,80,90,100,110,120,130,140,150,160,170,180,190,200,210,220,230,240,250,260,270,280,290,300,310,320,330,340,350,360,370,380,390,400,410,420,430,440,450,460,470,480,490,500,510,520,530,540,550,560,570,580,590,600,610,620,630,640,650,660,670,680,690,700,710,720,730,740,750,760,770,780,790,800,810,820,830,840,850,860,870,880,890,900,910,920,930,940,950,960,970,980,990,1000,1010,1020,1030,1040,1050,1060,1070,1080,1090,1100,1110,1120,1130,1140,1150,1160,1170,1180,1190,1200,1210,1220,1230,1240,1250,1260,1270,1280,1290,1300,1310,1320,1330,1340,1350,1360,1370,1380,1390,1400,1410,1420,1430,1440,1450,1460,1470,1480,1490,1500,1510,1520,1530,1540,1550
1,2,3,4,5,6,7,8,9,10,11,12,13,14,15,16,17,18,19,20,21,22,23,24,25,26,27,28,29,30,31,32,33,34,35,36,37,38,39,40,41,42,43,44,45,46,47,48,49,50,51,52,53,54,55,56,57,58,59,60,61,62,63,64,65,66,67,68,69,70,71,72,73,74,75,76,77,78,79,80,81,82,83,84,85,86,87,88,89,90,91,92,93,94,95,96,97,98,99,100,101,102,103,104,105,106,107,108,109,110,111,112,113,114,115,116,117,118,119,120,121,122,123,124,125,126,127,128,129,130,131,132,133,134,135,136,137,138,139,140,141,142,143,144,145,146,147,148,149,150,151,152,153,154,155
0,0,4,4,4,4,4,4,4,4,4,4,4,4,4,4,4,5,5,5,5,5,5,5,5,5,5,5,5,5,5,5,5,5,5,5,5,5,5,5,5,5,5,5,5,5,5,5,5,5,5,5,5,5,5,5,5,5,5,5,5,5,5,6,6,6,6,6,6,6,6,6,6,6,6,6,6,6,6,6,6,6,6,6,6,6,6,6,6,6,6,6,6,6,6,6,6,6,6,6,6,6,6,6,6,6,6,6,6,7,7,7,7,7,7,7,7,7,7,7,7,7,7,7,7,7,7,7,7,7,7,7,7,7,7,7,7,7,7,7,7,7,7,7,7,7,7,7,7,7,7,7,7,7,7
2,2,4,4,4,4,4,4,4,4,4,4,4,4,4,4,4,5,5,5,5,5,5,5,5,5,5,5,5,5,5,5,5,5,5,5,5,5,5,5,5,5,5,5,5,5,5,5,5,5,5,5,5,5,5,5,5,5,5,5,5,5,5,6,6,6,6,6,6,6,6,6,6,6,6,6,6,6,6,6,6,6,6,6,6,6,6,6,6,6,6,6,6,6,6,6,6,6,6,6,6,6,6,6,6,6,6,6,6,7,7,7,7,7,7,7,7,7,7,7,7,7,7,7,7,7,7,7,7,7,7,7,7,7,7,7,7,7,7,7,7,7,7,7,7,7,7,7,7,7,7,7,7,7,7
1,2,3,4,5
1
1315,1517,171930,192130
1,2,3,4,5,6,7,8,9,10
-10,1
-20,2
-30,3
-40,4
-50,5
-60,6
-70,7
-80,8
-90,9
-100,10
-110,11
-120,12
-130,13
-140,14
-150,15
-160,16
-170,17
-180,18
-190,19
-200,20
-210,21
-220,22
-230,23
-240,24
-250,25
-260,26
-270,27
-280,28
-290,29
-300,30
-310,31
-320,32
-330,33
-340,34
-350,35
-360,36
-370,37
-380,38
-390,39
-400,40
-410,41
-420,42
-430,43
-440,44
-450,45
-460,46
-470,47
-480,48
-490,49
-500,50
-510,51
-520,52
-530,53
-540,54
-550,55
-560,56
-570,57
-580,58
-590,59
-600,60
-610,61
-620,62
-630,63
-640,64
-650,65
-660,66
-670,67
-680,68
-690,69
-700,70
-710,71
-720,72
-730,73
-740,74
-750,75
-760,76
-770,77
-780,78
-790,79
-800,80
-810,81
-820,82
-830,83
-840,84
-850,85
-860,86
-870,87
-880,88
-890,89
-900,90
-910,91
-920,92
-930,93
-940,94
-950,95
-960,96
-970,97
-980,98
-990,99
-1000,100
-1010,101
-1020,102
-1030,103
-1040,104
-1050,105
-1060,106
-1070,107
-1080,108
-1090,109
-1100,110
-1110,111
-1120,112
-1130,113
-1140,114
-1150,115
-1160,116
-1170,117
-1180,118
-1190,119
-1200,120
-1210,121
-1220,122
-1230,123
-1240,124
-1250,125
-1260,126
-1270,127
-1280,128
-1290,129
-1300,130
-1310,131
-1320,132
-1330,133
-1340,134
-1350,135
-1360,136
-1370,137
-1380,138
-1390,139
-1400,140
-1410,141
-1420,142
-1430,143
-1440,144
-1450,145
-1460,146
-1470,147
-1480,148
-1490,149
-1500,150
-1510,151
-1520,152
-1530,153
-1540,154
-1550,155
*10,1,3,4
*20,3,5,4
*30,3,1,4
*40,3,1
*50,2,1
*60,4
*70,3,2,4
*80,1,4
*90,1
*100,4,2,1
*110,2,1,3
*120,5,4,2
*130,3,1
*140,1,4
*150,4,3,5
*160,3,5,1
*170,4,5
*180,1,2
*190,3,1
*200,2,3,5
*210,3,1
*220,3,5,4
*230,5,1,4
*240,5
*250,4,5,3
*260,1,4
*270,4,1
*280,1,5,4
*290,1,3,2
*300,4,1
*310,5,3,2
*320,1,5
*330,4,1
*340,3,1
*350,2,3
*360,5
*370,4,2
*380,1,3,2
*390,1,5,4,3
*400,1,5,4
*410,5,1,2
*420,3,4,2,5
*430,3,2
*440,2,5
*450,2,4,1
*460,2,5,1
*470,1,5
*480,2,5,1,3
*490,3
*500,3,5,1
*510,4,2
*520,5
*530,5,3
*540,5,4
*550,5,4,2
*560,3,1,5,2
*570,4,1,2
*580,5,4
*590,4,1,3
*600,5,4
*610,4,1,2
*620,2,5
*630,5,4,1
*640,3,4
*650,4,1,3
*660,5
*670,3,4
*680,2,3
*690,3,5,1
*700,1,2,3
*710,4,1
*720,1,5,3
*730,1,3
*740,4,1,5
*750,1,3
*760,2,5
*770,2,3
*780,4,5,1
*790,2,3
*800,2
*810,1,2
*820,4,2,5
*830,5,1,2
*840,2,3,4
*850,2,4,3,1
*860,1,2,5,3
*870,3,5,2
*880,3,2
*890,4,3
*900,2,4,3
*910,5,4
*920,4,5
*930,2,1,5
*940,2,1,5
*950,5,1,4
*960,4,5,1
*970,4,5
*980,2,4
*990,5,4,1
*1000,5,3,1
*1010,1,3,2,4
*1020,4,5
*1030,1
*1040,4,1
*1050,3,5
*1060,1
*1070,3,4
*1080,4,1,5,3
*1090,3,4,1
*1100,4,5,3,1
*1110,2,1
*1120,4,5
*1130,2,5,1
*1140,1
*1150,2,4,3
*1160,2,5
*1170,3,4,1
*1180,5,1,4
*1190,4,5
*1200,3,5,1
*1210,1,3,5
*1220,3,5,1
*1230,3,4,1
*1240,5,1,3
*1250,1,5,3
*1260,2,4,3,1
*1270,2,3,5
*1280,5,4
*1290,4,5,1,3
*1300,1,4
*1310,1,3,4
*1320,5,3,2
*1330,3,5
*1340,1,2
*1350,4,3
*1360,5,2
*1370,3
*1380,3,4
*1390,5
*1400,2,1,4
*1410,3,1,5
*1420,4,2
*1430,1,4
*1440,2,1
*1450,4,3
*1460,4,1,2
*1470,2,3
*1480,5,2,3
*1490,4,2
*1500,2,1,5
*1510,3,4
*1520,5,4
*1530,5,2
*1540,4
*1550,5,4,2
>10,2
>20,2
>30,8
>40,8
>50,8
>60,8
>70,8
>80,8
>90,8
>100,8
>110,8
>120,8
>130,8
>140,8
>150,8
>160,8
>170,8
>180,10
>190,10
>200,10
>210,10
>220,10
>230,10
>240,10
>250,10
>260,10
>270,10
>280,10
>290,10
>300,10
>310,10
>320,10
>330,10
>340,10
>350,10
>360,10
>370,10
>380,10
>390,10
>400,10
>410,10
>420,10
>430,10
>440,10
>450,10
>460,10
>470,10
>480,10
>490,10
>500,10
>510,10
>520,10
>530,10
>540,10
>550,10
>560,10
>570,10
>580,10
>590,10
>600,10
>610,10
>620,10
>630,10
>640,12
>650,12
>660,12
>670,12
>680,12
>690,12
>700,12
>710,12
>720,12
>730,12
>740,12
>750,12
>760,12
>770,12
>780,12
>790,12
>800,12
>810,12
>820,12
>830,12
>840,12
>850,12
>860,12
>870,12
>880,12
>890,12
>900,12
>910,12
>920,12
>930,12
>940,12
>950,12
>960,12
>970,12
>980,12
>990,12
>1000,12
>1010,12
>1020,12
>1030,12
>1040,12
>1050,12
>1060,12
>1070,12
>1080,12
>1090,12
>1100,14
>1110,14
>1120,14
>1130,14
>1140,14
>1150,14
>1160,14
>1170,14
>1180,14
>1190,14
>1200,14
>1210,14
>1220,14
>1230,14
>1240,14
>1250,14
>1260,14
>1270,14
>1280,14
>1290,14
>1300,14
>1310,14
>1320,14
>1330,14
>1340,14
>1350,14
>1360,14
>1370,14
>1380,14
>1390,14
>1400,14
>1410,14
>1420,14
>1430,14
>1440,14
>1450,14
>1460,14
>1470,14
>1480,14
>1490,14
>1500,14
>1510,14
>1520,14
>1530,14
>1540,14
>1550,14
