10,20,30,40,50,60,70,80,90,100,110,120,130,140,150,160,170,180,190,200,210,220,230,240,250
1,2,3,4,5,6,7,8,9,10,11,12,13,14,15,16,17,18,19,20,21,22,23,24,25
0,0,4,4,5,5,5,5,5,5,5,6,6,6,6,6,6,6,7,7,7,7,7,7,7
2,2,4,4,5,5,5,5,5,5,5,6,6,6,6,6,6,6,7,7,7,7,7,7,7
1,2,3,4,5
5
1315,1517,171930,192130
1,2,3,4,5,6,7,8,9,10
-10,1
-20,2
-30,3
-40,4
-50,5
-60,6
-70,7
-80,8
-90,9
-100,10
-110,11
-120,12
-130,13
-140,14
-150,15
-160,16
-170,17
-180,18
-190,19
-200,20
-210,21
-220,22
-230,23
-240,24
-250,25
*10,1,5
*20,2,3
*30,5,2,3
*40,4,2
*50,2,1,4
*60,3,1
*70,1,4,2
*80,4,1,3
*90,2,1
*100,1,5
*110,5,1,3
*120,4,3
*130,4,1,3,2
*140,5,2
*150,3,1
*160,4,1,2
*170,3,1,4
*180,1,4,3
*190,4,3,5
*200,5,4
*210,1,4,2
*220,5,4,3
*230,1,5
*240,5,4
*250,5,2
>10,2
>20,2
>30,8
>40,8
>50,10
>60,10
>70,10
>80,10
>90,10
>100,10
>110,10
>120,12
>130,12
>140,12
>150,12
>160,12
>170,12
>180,12
>190,14
>200,14
>210,14
>220,14
>230,14
>240,14
>250,14
