10,20,30,40,50,60,70,80,90,100,110,120,130,140,150,160,170,180,190,200,210,220,230,240,250,260,270,280,290,300
1,2,3,4,5,6,7,8,9,10,11,12,13,14,15,16,17,18,19,20,21,22,23,24,25,26,27,28,29,30
4,4,4,5,5,5,5,5,5,5,5,5,6,6,6,6,6,6,6,6,6,7,7,7,7,7,7,7,7,7
4,4,4,5,5,5,5,5,5,5,5,5,6,6,6,6,6,6,6,6,6,7,7,7,7,7,7,7,7,7
1,2,3,4,5
3
1315,1517,171930,192130
1,2,3,4,5,6,7,8,9,10
-10,1
-20,2
-30,3
-40,4
-50,5
-60,6
-70,7
-80,8
-90,9
-100,10
-110,11
-120,12
-130,13
-140,14
-150,15
-160,16
-170,17
-180,18
-190,19
-200,20
-210,21
-220,22
-230,23
-240,24
-250,25
-260,26
-270,27
-280,28
-290,29
-300,30
*10,5,2
*20,5,1,4
*30,2,3
*40,5,4,1
*50,3,1
*60,4,2
*70,1
*80,2,1
*90,4,1
*100,5,2,4
*110,3,1
*120,2,5,1
*130,3,2
*140,3,5
*150,5,3,1
*160,5,3
*170,2,3,4
*180,1,5
*190,4,2
*200,1,5
*210,5,4
*220,1,2,4
*230,1
*240,3,4,1,2
*250,4,2
*260,4,1
*270,4,1,3
*280,2,4,1
*290,5,4
*300,1
>10,8
>20,8
>30,8
>40,10
>50,10
>60,10
>70,10
>80,10
>90,10
>100,10
>110,10
>120,10
>130,12
>140,12
>150,12
>160,12
>170,12
>180,12
>190,12
>200,12
>210,12
>220,14
>230,14
>240,14
>250,14
>260,14
>270,14
>280,14
>290,14
>300,14
