10,20,30,40,50,60,70,80,90,100,110,120,130,140,150,160,170,180,190,200,210,220,230,240,250,260,270,280,290,300,310,320,330,340,350
1,2,3,4,5,6,7,8,9,10,11,12,13,14,15,16,17,18,19,20,21,22,23,24,25,26,27,28,29,30,31,32,33,34,35
0,0,4,4,4,5,5,5,5,5,5,5,5,5,5,6,6,6,6,6,6,6,6,6,6,7,7,7,7,7,7,7,7,7,7
2,2,4,4,4,5,5,5,5,5,5,5,5,5,5,6,6,6,6,6,6,6,6,6,6,7,7,7,7,7,7,7,7,7,7
1,2,3,4,5
5
1315,1517,171930,192130
1,2,3,4,5,6,7,8,9,10
-10,1
-20,2
-30,3
-40,4
-50,5
-60,6
-70,7
-80,8
-90,9
-100,10
-110,11
-120,12
-130,13
-140,14
-150,15
-160,16
-170,17
-180,18
-190,19
-200,20
-210,21
-220,22
-230,23
-240,24
-250,25
-260,26
-270,27
-280,28
-290,29
-300,30
-310,31
-320,32
-330,33
-340,34
-350,35
*10,3,4,5
*20,4,3,5
*30,4,3,2
*40,4,2
*50,5,1,2
*60,1,2,3
*70,4,3,2
*80,2,3
*90,1,2
*100,5,4
*110,5,4,2
*120,2,3
*130,3,4,1,5
*140,1,4,3
*150,5,1,3
*160,5,4,1
*170,5,2
*180,3,1,4
*190,2,3
*200,3,1
*210,3,1,5
*220,1,3,2
*230,5,2,4,1
*240,1
*250,2,3,1,5
*260,1,3,5
*270,3,4,5
*280,5
*290,2
*300,5,4,1
*310,2
*320,4,5,2
*330,3,5,2
*340,2,4
*350,1,2,5
>10,2
>20,2
>30,8
>40,8
>50,8
>60,10
>70,10
>80,10
>90,10
>100,10
>110,10
>120,10
>130,10
>140,10
>150,10
>160,12
>170,12
>180,12
>190,12
>200,12
>210,12
>220,12
>230,12
>240,12
>250,12
>260,14
>270,14
>280,14
>290,14
>300,14
>310,14
>320,14
>330,14
>340,14
>350,14
