10,20,30,40,50,60,70,80,90,100,110,120,130,140,150,160,170,180,190,200,210,220,230,240,250,260,270,280,290,300,310,320,330,340,350,360,370,380,390,400
1,2,3,4,5,6,7,8,9,10,11,12,13,14,15,16,17,18,19,20,21,22,23,24,25,26,27,28,29,30,31,32,33,34,35,36,37,38,39,40
4,4,4,4,5,5,5,5,5,5,5,5,5,5,5,5,6,6,6,6,6,6,6,6,6,6,6,6,7,7,7,7,7,7,7,7,7,7,7,7
4,4,4,4,5,5,5,5,5,5,5,5,5,5,5,5,6,6,6,6,6,6,6,6,6,6,6,6,7,7,7,7,7,7,7,7,7,7,7,7
1,2,3,4,5
4
1315,1517,171930,192130
1,2,3,4,5,6,7,8,9,10
-10,1
-20,2
-30,3
-40,4
-50,5
-60,6
-70,7
-80,8
-90,9
-100,10
-110,11
-120,12
-130,13
-140,14
-150,15
-160,16
-170,17
-180,18
-190,19
-200,20
-210,21
-220,22
-230,23
-240,24
-250,25
-260,26
-270,27
-280,28
-290,29
-300,30
-310,31
-320,32
-330,33
-340,34
-350,35
-360,36
-370,37
-380,38
-390,39
-400,40
*10,4,1,2
*20,3
*30,2,4
*40,1,5,3,4
*50,5,3
*60,1,3
*70,4,5
*80,3,5,4
*90,1,2
*100,4,5,3
*110,1,3,4,5
*120,1,4
*130,2,1,5
*140,4,5,3
*150,1,4,5
*160,1,2
*170,1
*180,3,5,1
*190,2,4,3
*200,5,1
*210,4,5
*220,4,1
*230,2,4
*240,1,4,3
*250,1,5,4
*260,2,5
*270,5,3
*280,2,5
*290,3,1
*300,2,1
*310,4,1,5
*320,2,5
*330,3
*340,1,2
*350,3,5,4
*360,3,1,5
*370,5,3,1
*380,5,2,3,1
*390,2,5
*400,2,3
>10,8
>20,8
>30,8
>40,8
>50,10
>60,10
>70,10
>80,10
>90,10
>100,10
>110,10
>120,10
>130,10
>140,10
>150,10
>160,10
>170,12
>180,12
>190,12
>200,12
>210,12
>220,12
>230,12
>240,12
>250,12
>260,12
>270,12
>280,12
>290,14
>300,14
>310,14
>320,14
>330,14
>340,14
>350,14
>360,14
>370,14
>380,14
>390,14
>400,14
