10,20,30,40,50,60,70,80,90,100,110,120,130,140,150,160,170,180,190,200,210,220,230,240,250,260,270,280,290,300,310,320,330,340,350,360,370,380,390,400,410,420,430,440,450
1,2,3,4,5,6,7,8,9,10,11,12,13,14,15,16,17,18,19,20,21,22,23,24,25,26,27,28,29,30,31,32,33,34,35,36,37,38,39,40,41,42,43,44,45
0,0,4,4,4,4,5,5,5,5,5,5,5,5,5,5,5,5,5,6,6,6,6,6,6,6,6,6,6,6,6,6,7,7,7,7,7,7,7,7,7,7,7,7,7
2,2,4,4,4,4,5,5,5,5,5,5,5,5,5,5,5,5,5,6,6,6,6,6,6,6,6,6,6,6,6,6,7,7,7,7,7,7,7,7,7,7,7,7,7
1,2,3,4,5
4
1315,1517,171930,192130
1,2,3,4,5,6,7,8,9,10
-10,1
-20,2
-30,3
-40,4
-50,5
-60,6
-70,7
-80,8
-90,9
-100,10
-110,11
-120,12
-130,13
-140,14
-150,15
-160,16
-170,17
-180,18
-190,19
-200,20
-210,21
-220,22
-230,23
-240,24
-250,25
-260,26
-270,27
-280,28
-290,29
-300,30
-310,31
-320,32
-330,33
-340,34
-350,35
-360,36
-370,37
-380,38
-390,39
-400,40
-410,41
-420,42
-430,43
-440,44
-450,45
*10,5,2,4
*20,3
*30,2,5
*40,4,1
*50,5
*60,4,3
*70,2,4
*80,3,2,4
*90,5,2,4
*100,2
*110,5,1
*120,5,3
*130,2,4
*140,1,3,2
*150,1,3,4
*160,3,4,5,1
*170,1,4,5
*180,3
*190,3
*200,4,2
*210,5,2,4
*220,5,1
*230,4,1,2
*240,4,3,5
*250,1,2
*260,5,4
*270,1,2
*280,1,5
*290,1,2,3,4
*300,2,1,4
*310,1,2
*320,2,4
*330,4,1,5
*340,3,1
*350,2,1
*360,2,4
*370,4
*380,2,1,5
*390,4,2
*400,3,5,1
*410,4,2,5,3
*420,2,5,3,1
*430,3,4
*440,4,1,2
*450,1,5,4
>10,2
>20,2
>30,8
>40,8
>50,8
>60,8
>70,10
>80,10
>90,10
>100,10
>110,10
>120,10
>130,10
>140,10
>150,10
>160,10
>170,10
>180,10
>190,10
>200,12
>210,12
>220,12
>230,12
>240,12
>250,12
>260,12
>270,12
>280,12
>290,12
>300,12
>310,12
>320,12
>330,14
>340,14
>350,14
>360,14
>370,14
>380,14
>390,14
>400,14
>410,14
>420,14
>430,14
>440,14
>450,14
