10,20,30,40,50,60,70,80,90,100,110,120,130,140,150,160,170,180,190,200,210,220,230,240,250,260,270,280,290,300,310,320,330,340,350,360,370,380,390,400,410,420,430,440,450,460,470,480,490,500
1,2,3,4,5,6,7,8,9,10,11,12,13,14,15,16,17,18,19,20,21,22,23,24,25,26,27,28,29,30,31,32,33,34,35,36,37,38,39,40,41,42,43,44,45,46,47,48,49,50
4,4,4,4,4,5,5,5,5,5,5,5,5,5,5,5,5,5,5,5,6,6,6,6,6,6,6,6,6,6,6,6,6,6,6,7,7,7,7,7,7,7,7,7,7,7,7,7,7,7
4,4,4,4,4,5,5,5,5,5,5,5,5,5,5,5,5,5,5,5,6,6,6,6,6,6,6,6,6,6,6,6,6,6,6,7,7,7,7,7,7,7,7,7,7,7,7,7,7,7
1,2,3,4,5
4
1315,1517,171930,192130
1,2,3,4,5,6,7,8,9,10
-10,1
-20,2
-30,3
-40,4
-50,5
-60,6
-70,7
-80,8
-90,9
-100,10
-110,11
-120,12
-130,13
-140,14
-150,15
-160,16
-170,17
-180,18
-190,19
-200,20
-210,21
-220,22
-230,23
-240,24
-250,25
-260,26
-270,27
-280,28
-290,29
-300,30
-310,31
-320,32
-330,33
-340,34
-350,35
-360,36
-370,37
-380,38
-390,39
-400,40
-410,41
-420,42
-430,43
-440,44
-450,45
-460,46
-470,47
-480,48
-490,49
-500,50
*10,3,5
*20,5,1
*30,1,5,3
*40,2,5,1
*50,3,4
*60,5,4,2
*70,2
*80,1
*90,3,1
*100,5,3
*110,2,3
*120,1,3
*130,3,2,5
*140,4,1,3
*150,2,4,5
*160,2,5
*170,1,5,3
*180,1,3
*190,5,1
*200,4,3
*210,2,4
*220,2,4
*230,4,3,5
*240,2,3,5,4
*250,3,5
*260,1,2
*270,3,2
*280,5,1
*290,5,1,3
*300,4,2
*310,1,2
*320,5,4
*330,5,3
*340,4,5
*350,1,4,3
*360,4,2,5,3
*370,3,5,4
*380,3,1
*390,5,3
*400,3,2
*410,5,1,2
*420,3,1,2
*430,1,4,2
*440,1,4,2
*450,4,1
*460,1,4
*470,5,3
*480,2,4
*490,2,4
*500,4,5,2
>10,8
>20,8
>30,8
>40,8
>50,8
>60,10
>70,10
>80,10
>90,10
>100,10
>110,10
>120,10
>130,10
>140,10
>150,10
>160,10
>170,10
>180,10
>190,10
>200,10
>210,12
>220,12
>230,12
>240,12
>250,12
>260,12
>270,12
>280,12
>290,12
>300,12
>310,12
>320,12
>330,12
>340,12
>350,12
>360,14
>370,14
>380,14
>390,14
>400,14
>410,14
>420,14
>430,14
>440,14
>450,14
>460,14
>470,14
>480,14
>490,14
>500,14
