10,20,30,40,50,60,70,80,90,100,110,120,130,140,150,160,170,180,190,200,210,220,230,240,250,260,270,280,290,300,310,320,330,340,350,360,370,380,390,400,410,420,430,440,450,460,470,480,490,500,510,520,530,540,550,560,570,580,590,600
1,2,3,4,5,6,7,8,9,10,11,12,13,14,15,16,17,18,19,20,21,22,23,24,25,26,27,28,29,30,31,32,33,34,35,36,37,38,39,40,41,42,43,44,45,46,47,48,49,50,51,52,53,54,55,56,57,58,59,60
0,0,0,0,0,0,2,2,2,2,2,2,4,4,4,4,4,4,4,4,4,4,4,4,5,5,5,5,5,5,5,5,5,5,5,5,6,6,6,6,6,6,6,6,6,6,6,6,6,6,6,6,6,6,7,7,7,7,7,7
2,2,2,2,2,2,2,2,2,2,2,2,4,4,4,4,4,4,4,4,4,4,4,4,5,5,5,5,5,5,5,5,5,5,5,5,6,6,6,6,6,6,6,6,6,6,6,6,6,6,6,6,6,6,7,7,7,7,7,7
1,2,3,4,5
4
1315,1517,171930,192130
1,2,3,4,5,6,7,8,9,10
-10,1
-20,2
-30,3
-40,4
-50,5
-60,6
-70,7
-80,8
-90,9
-100,10
-110,11
-120,12
-130,13
-140,14
-150,15
-160,16
-170,17
-180,18
-190,19
-200,20
-210,21
-220,22
-230,23
-240,24
-250,25
-260,26
-270,27
-280,28
-290,29
-300,30
-310,31
-320,32
-330,33
-340,34
-350,35
-360,36
-370,37
-380,38
-390,39
-400,40
-410,41
-420,42
-430,43
-440,44
-450,45
-460,46
-470,47
-480,48
-490,49
-500,50
-510,51
-520,52
-530,53
-540,54
-550,55
-560,56
-570,57
-580,58
-590,59
-600,60
*10,1,5,2
*20,1,5,2
*30,2,4
*40,2,5
*50,1,4
*60,3,5,2,1
*70,5,3
*80,3,1
*90,3,2,4
*100,4,5,2
*110,3,4
*120,1,5
*130,5,3,1
*140,1,3,5
*150,4,2,3
*160,1,2,3,4
*170,1,5
*180,2
*190,1,2,5
*200,4,5,2
*210,5,2,1
*220,4
*230,3
*240,4,5
*250,2,5,4
*260,4,3,5
*270,3,4
*280,3,5,4
*290,2,5
*300,1,3
*310,1,5
*320,5
*330,1,3,5
*340,2
*350,1,5,4
*360,5,2,3
*370,3,2,5
*380,1,2
*390,5,1,2
*400,2,3
*410,5,1,3
*420,2,5
*430,2,5
*440,4,5
*450,4,3,5
*460,1
*470,4,3
*480,2
*490,1,4,3
*500,3,4,2
*510,1,4,2
*520,5,2,4
*530,4,1
*540,4,3
*550,1,3,5
*560,5
*570,5,2
*580,2,3,4
*590,5,4
*600,5,2
>10,2
>20,2
>30,2
>40,2
>50,2
>60,2
>70,4
>80,4
>90,4
>100,4
>110,4
>120,4
>130,8
>140,8
>150,8
>160,8
>170,8
>180,8
>190,8
>200,8
>210,8
>220,8
>230,8
>240,8
>250,10
>260,10
>270,10
>280,10
>290,10
>300,10
>310,10
>320,10
>330,10
>340,10
>350,10
>360,10
>370,12
>380,12
>390,12
>400,12
>410,12
>420,12
>430,12
>440,12
>450,12
>460,12
>470,12
>480,12
>490,12
>500,12
>510,12
>520,12
>530,12
>540,12
>550,14
>560,14
>570,14
>580,14
>590,14
>600,14
