10,20,30,40,50,60,70,80,90,100,110,120,130,140,150,160,170,180,190,200,210,220,230,240,250,260,270,280,290,300,310,320,330,340,350,360,370,380,390,400,410,420,430,440,450,460,470,480,490,500,510,520,530,540,550,560,570,580,590,600,610,620,630,640,650
1,2,3,4,5,6,7,8,9,10,11,12,13,14,15,16,17,18,19,20,21,22,23,24,25,26,27,28,29,30,31,32,33,34,35,36,37,38,39,40,41,42,43,44,45,46,47,48,49,50,51,52,53,54,55,56,57,58,59,60,61,62,63,64,65
0,0,0,0,0,0,2,2,2,2,2,2,2,2,4,4,4,4,4,4,4,4,4,4,4,4,4,5,5,5,5,5,5,5,5,5,5,5,5,5,6,6,6,6,6,6,6,6,6,6,6,6,6,6,6,6,6,6,6,7,7,7,7,7,7
2,2,2,2,2,2,2,2,2,2,2,2,4,4,4,4,4,4,4,4,4,4,4,4,4,4,4,5,5,5,5,5,5,5,5,5,5,5,5,5,6,6,6,6,6,6,6,6,6,6,6,6,6,6,6,6,6,6,6,7,7,7,7,7,7
1,2,3,4,5
1
1315,1517,171930,192130
1,2,3,4,5,6,7,8,9,10
-10,1
-20,2
-30,3
-40,4
-50,5
-60,6
-70,7
-80,8
-90,9
-100,10
-110,11
-120,12
-130,13
-140,14
-150,15
-160,16
-170,17
-180,18
-190,19
-200,20
-210,21
-220,22
-230,23
-240,24
-250,25
-260,26
-270,27
-280,28
-290,29
-300,30
-310,31
-320,32
-330,33
-340,34
-350,35
-360,36
-370,37
-380,38
-390,39
-400,40
-410,41
-420,42
-430,43
-440,44
-450,45
-460,46
-470,47
-480,48
-490,49
-500,50
-510,51
-520,52
-530,53
-540,54
-550,55
-560,56
-570,57
-580,58
-590,59
-600,60
-610,61
-620,62
-630,63
-640,64
-650,65
*10,3,1
*20,4,2,1
*30,5,1,4
*40,5,4,3
*50,2
*60,1,2
*70,1
*80,3,5
*90,5
*100,5,1
*110,3
*120,3,2
*130,5,1,4
*140,2,3
*150,3,1,4
*160,3
*170,5,3
*180,5,2
*190,2,5,3
*200,3,4
*210,3,1
*220,1,5,4
*230,3,4,5,2
*240,1,4,5
*250,5,3,1
*260,4,5,3
*270,3,2,4
*280,4,2
*290,4,3,1
*300,5,4
*310,2
*320,3,1
*330,5,3,4,1
*340,1,3
*350,1,2,5
*360,5,1,2
*370,3
*380,4,3,1
*390,1,2,4,3
*400,3,5
*410,1,5
*420,3,4
*430,1
*440,1,5,3
*450,3,5
*460,4,3,5,1
*470,1,2
*480,5,2
*490,4,5
*500,4,3,1
*510,1
*520,1,4,5,3
*530,5,2
*540,2,5,1
*550,4,1,3,5
*560,1
*570,1,4,5
*580,4,5
*590,4,2,3
*600,2,4
*610,5,1
*620,2,5
*630,3
*640,5,3
*650,4
>10,2
>20,2
>30,2
>40,2
>50,2
>60,2
>70,4
>80,4
>90,4
>100,4
>110,4
>120,4
>130,6
>140,6
>150,8
>160,8
>170,8
>180,8
>190,8
>200,8
>210,8
>220,8
>230,8
>240,8
>250,8
>260,8
>270,8
>280,10
>290,10
>300,10
>310,10
>320,10
>330,10
>340,10
>350,10
>360,10
>370,10
>380,10
>390,10
>400,10
>410,12
>420,12
>430,12
>440,12
>450,12
>460,12
>470,12
>480,12
>490,12
>500,12
>510,12
>520,12
>530,12
>540,12
>550,12
>560,12
>570,12
>580,12
>590,12
>600,14
>610,14
>620,14
>630,14
>640,14
>650,14
