10,20,30,40,50,60,70,80,90,100,110,120,130,140,150,160,170,180,190,200,210,220,230,240,250,260,270,280,290,300,310,320,330,340,350,360,370,380,390,400,410,420,430,440,450,460,470,480,490,500,510,520,530,540,550,560,570,580,590,600,610,620,630,640,650,660,670,680,690,700
1,2,3,4,5,6,7,8,9,10,11,12,13,14,15,16,17,18,19,20,21,22,23,24,25,26,27,28,29,30,31,32,33,34,35,36,37,38,39,40,41,42,43,44,45,46,47,48,49,50,51,52,53,54,55,56,57,58,59,60,61,62,63,64,65,66,67,68,69,70
0,0,0,0,0,0,0,2,2,2,2,2,2,2,4,4,4,4,4,4,4,4,4,4,4,4,4,4,5,5,5,5,5,5,5,5,5,5,5,5,5,5,6,6,6,6,6,6,6,6,6,6,6,6,6,6,6,6,6,6,6,6,6,7,7,7,7,7,7,7
2,2,2,2,2,2,2,2,2,2,2,2,2,2,4,4,4,4,4,4,4,4,4,4,4,4,4,4,5,5,5,5,5,5,5,5,5,5,5,5,5,5,6,6,6,6,6,6,6,6,6,6,6,6,6,6,6,6,6,6,6,6,6,7,7,7,7,7,7,7
1,2,3,4,5
2
1315,1517,171930,192130
1,2,3,4,5,6,7,8,9,10
-10,1
-20,2
-30,3
-40,4
-50,5
-60,6
-70,7
-80,8
-90,9
-100,10
-110,11
-120,12
-130,13
-140,14
-150,15
-160,16
-170,17
-180,18
-190,19
-200,20
-210,21
-220,22
-230,23
-240,24
-250,25
-260,26
-270,27
-280,28
-290,29
-300,30
-310,31
-320,32
-330,33
-340,34
-350,35
-360,36
-370,37
-380,38
-390,39
-400,40
-410,41
-420,42
-430,43
-440,44
-450,45
-460,46
-470,47
-480,48
-490,49
-500,50
-510,51
-520,52
-530,53
-540,54
-550,55
-560,56
-570,57
-580,58
-590,59
-600,60
-610,61
-620,62
-630,63
-640,64
-650,65
-660,66
-670,67
-680,68
-690,69
-700,70
*10,2,1,3
*20,2,3
*30,5,3,2
*40,1,5,3
*50,4,5,2
*60,2,1,5
*70,4,5,3,1
*80,2,3,1
*90,2,4
*100,4,3,5
*110,2
*120,1,3
*130,5,1,2
*140,1,3,2
*150,5,3,2
*160,3,2
*170,1,5
*180,5,1
*190,1,3
*200,4,5
*210,5,2
*220,4,5
*230,1,5
*240,5,1
*250,2,4
*260,2,5,3
*270,3,1,2
*280,3,2
*290,5
*300,1,4,5
*310,1,5,4
*320,5,2,4,1
*330,1,4
*340,3,2,1
*350,5,2,3
*360,2,4
*370,2,1
*380,2,1,4
*390,1,5,2,3
*400,3,2,1
*410,1,4
*420,1,5
*430,3,2,5,1
*440,2,3,4
*450,3,2,1
*460,2,5,4
*470,3,1,5
*480,2,1,4
*490,3
*500,5,1,2
*510,3,4
*520,3,1,5
*530,4,1
*540,3,1
*550,4,1
*560,3,4,2
*570,4,3,1
*580,2,1,3
*590,1,2
*600,3,4
*610,1
*620,4,2
*630,2,5
*640,3,5,1
*650,1,5
*660,3,2
*670,2,3,1
*680,5,1,2
*690,4,2,3
*700,2,1,5
>10,2
>20,2
>30,2
>40,2
>50,2
>60,2
>70,2
>80,4
>90,4
>100,4
>110,4
>120,4
>130,4
>140,4
>150,8
>160,8
>170,8
>180,8
>190,8
>200,8
>210,8
>220,8
>230,8
>240,8
>250,8
>260,8
>270,8
>280,8
>290,10
>300,10
>310,10
>320,10
>330,10
>340,10
>350,10
>360,10
>370,10
>380,10
>390,10
>400,10
>410,10
>420,10
>430,12
>440,12
>450,12
>460,12
>470,12
>480,12
>490,12
>500,12
>510,12
>520,12
>530,12
>540,12
>550,12
>560,12
>570,12
>580,12
>590,12
>600,12
>610,12
>620,12
>630,12
>640,14
>650,14
>660,14
>670,14
>680,14
>690,14
>700,14
