10,20,30,40,50,60,70,80,90,100,110,120,130,140,150,160,170,180,190,200,210,220,230,240,250,260,270,280,290,300,310,320,330,340,350,360,370,380,390,400,410,420,430,440,450,460,470,480,490,500,510,520,530,540,550,560,570,580,590,600,610,620,630,640,650,660,670,680,690,700,710,720,730,740,750,760,770,780,790,800
1,2,3,4,5,6,7,8,9,10,11,12,13,14,15,16,17,18,19,20,21,22,23,24,25,26,27,28,29,30,31,32,33,34,35,36,37,38,39,40,41,42,43,44,45,46,47,48,49,50,51,52,53,54,55,56,57,58,59,60,61,62,63,64,65,66,67,68,69,70,71,72,73,74,75,76,77,78,79,80
0,0,0,0,0,0,0,0,2,2,2,2,2,2,2,2,4,4,4,4,4,4,4,4,4,4,4,4,4,4,4,4,5,5,5,5,5,5,5,5,5,5,5,5,5,5,5,5,6,6,6,6,6,6,6,6,6,6,6,6,6,6,6,6,6,6,6,6,6,6,6,6,7,7,7,7,7,7,7,7
2,2,2,2,2,2,2,2,2,2,2,2,2,2,2,2,4,4,4,4,4,4,4,4,4,4,4,4,4,4,4,4,5,5,5,5,5,5,5,5,5,5,5,5,5,5,5,5,6,6,6,6,6,6,6,6,6,6,6,6,6,6,6,6,6,6,6,6,6,6,6,6,7,7,7,7,7,7,7,7
1,2,3,4,5
4
1315,1517,171930,192130
1,2,3,4,5,6,7,8,9,10
-10,1
-20,2
-30,3
-40,4
-50,5
-60,6
-70,7
-80,8
-90,9
-100,10
-110,11
-120,12
-130,13
-140,14
-150,15
-160,16
-170,17
-180,18
-190,19
-200,20
-210,21
-220,22
-230,23
-240,24
-250,25
-260,26
-270,27
-280,28
-290,29
-300,30
-310,31
-320,32
-330,33
-340,34
-350,35
-360,36
-370,37
-380,38
-390,39
-400,40
-410,41
-420,42
-430,43
-440,44
-450,45
-460,46
-470,47
-480,48
-490,49
-500,50
-510,51
-520,52
-530,53
-540,54
-550,55
-560,56
-570,57
-580,58
-590,59
-600,60
-610,61
-620,62
-630,63
-640,64
-650,65
-660,66
-670,67
-680,68
-690,69
-700,70
-710,71
-720,72
-730,73
-740,74
-750,75
-760,76
-770,77
-780,78
-790,79
-800,80
*10,2,3,5
*20,4,2
*30,5,4
*40,3,5
*50,2,4
*60,3
*70,2,5
*80,4,3
*90,2,3,1
*100,2,1
*110,2
*120,1,4
*130,2,3,5
*140,1,3,2,5
*150,3,5
*160,2
*170,3,5,4
*180,5,1,2
*190,3,2,1
*200,5,3,1
*210,5
*220,5
*230,1,3
*240,2,1,3,4
*250,2
*260,3,5
*270,1,4,3
*280,5,4
*290,1,2
*300,5,1
*310,2,1
*320,3,4,2
*330,1,5,2
*340,2,3,4,5
*350,1,5
*360,3,1,5
*370,1,5,4,3
*380,5,2
*390,5,4,2
*400,1,4
*410,2,3
*420,1,2
*430,2,3
*440,2,3,5
*450,2,1,4
*460,5
*470,5,2
*480,3,5
*490,1
*500,1,3
*510,4,2,3
*520,1,5,2
*530,5,3,1
*540,2,5,3
*550,1,2
*560,5,3
*570,5,3,4
*580,4,1,5
*590,1,3,4
*600,3,5
*610,4,3,1
*620,3,2,5
*630,4,2,5
*640,3,2,1
*650,2,1,4
*660,5,4,3
*670,4,1
*680,3,4,5
*690,4,3
*700,4,5,3
*710,1,3,4
*720,3,1
*730,5,1,4
*740,5,4
*750,3,2,4,5
*760,2,1,5
*770,1,4
*780,1,5,4
*790,3,5
*800,3,5,4
>10,2
>20,2
>30,2
>40,2
>50,2
>60,2
>70,2
>80,2
>90,4
>100,4
>110,4
>120,4
>130,4
>140,4
>150,4
>160,4
>170,8
>180,8
>190,8
>200,8
>210,8
>220,8
>230,8
>240,8
>250,8
>260,8
>270,8
>280,8
>290,8
>300,8
>310,8
>320,8
>330,10
>340,10
>350,10
>360,10
>370,10
>380,10
>390,10
>400,10
>410,10
>420,10
>430,10
>440,10
>450,10
>460,10
>470,10
>480,10
>490,12
>500,12
>510,12
>520,12
>530,12
>540,12
>550,12
>560,12
>570,12
>580,12
>590,12
>600,12
>610,12
>620,12
>630,12
>640,12
>650,12
>660,12
>670,12
>680,12
>690,12
>700,12
>710,12
>720,12
>730,14
>740,14
>750,14
>760,14
>770,14
>780,14
>790,14
>800,14
