10,20,30,40,50,60,70,80,90,100,110,120,130,140,150,160,170,180,190,200,210,220,230,240,250,260,270,280,290,300,310,320,330,340,350,360,370,380,390,400,410,420,430,440,450,460,470,480,490,500,510,520,530,540,550,560,570,580,590,600,610,620,630,640,650,660,670,680,690,700,710,720,730,740,750,760,770,780,790,800,810,820,830,840,850
1,2,3,4,5,6,7,8,9,10,11,12,13,14,15,16,17,18,19,20,21,22,23,24,25,26,27,28,29,30,31,32,33,34,35,36,37,38,39,40,41,42,43,44,45,46,47,48,49,50,51,52,53,54,55,56,57,58,59,60,61,62,63,64,65,66,67,68,69,70,71,72,73,74,75,76,77,78,79,80,81,82,83,84,85
0,0,0,0,0,0,0,0,2,2,2,2,2,2,2,2,2,2,4,4,4,4,4,4,4,4,4,4,4,4,4,4,4,4,4,5,5,5,5,5,5,5,5,5,5,5,5,5,5,5,5,5,6,6,6,6,6,6,6,6,6,6,6,6,6,6,6,6,6,6,6,6,6,6,6,6,6,7,7,7,7,7,7,7,7
2,2,2,2,2,2,2,2,2,2,2,2,2,2,2,2,4,4,4,4,4,4,4,4,4,4,4,4,4,4,4,4,4,4,4,5,5,5,5,5,5,5,5,5,5,5,5,5,5,5,5,5,6,6,6,6,6,6,6,6,6,6,6,6,6,6,6,6,6,6,6,6,6,6,6,6,6,7,7,7,7,7,7,7,7
1,2,3,4,5
3
1315,1517,171930,192130
1,2,3,4,5,6,7,8,9,10
-10,1
-20,2
-30,3
-40,4
-50,5
-60,6
-70,7
-80,8
-90,9
-100,10
-110,11
-120,12
-130,13
-140,14
-150,15
-160,16
-170,17
-180,18
-190,19
-200,20
-210,21
-220,22
-230,23
-240,24
-250,25
-260,26
-270,27
-280,28
-290,29
-300,30
-310,31
-320,32
-330,33
-340,34
-350,35
-360,36
-370,37
-380,38
-390,39
-400,40
-410,41
-420,42
-430,43
-440,44
-450,45
-460,46
-470,47
-480,48
-490,49
-500,50
-510,51
-520,52
-530,53
-540,54
-550,55
-560,56
-570,57
-580,58
-590,59
-600,60
-610,61
-620,62
-630,63
-640,64
-650,65
-660,66
-670,67
-680,68
-690,69
-700,70
-710,71
-720,72
-730,73
-740,74
-750,75
-760,76
-770,77
-780,78
-790,79
-800,80
-810,81
-820,82
-830,83
-840,84
-850,85
*10,5,3,1,4
*20,2
*30,2,4
*40,4
*50,2,4,5
*60,2,4,5,1
*70,1,5
*80,1,4
*90,2,4,5
*100,1,3
*110,2,3
*120,1,3
*130,1,2,5
*140,2,4,1
*150,1,3,2
*160,1,2,4
*170,3,1,2
*180,1,5,3
*190,2,3,5
*200,1,5
*210,1
*220,2,3,4
*230,5,1
*240,4,1
*250,1,4
*260,1,3,2
*270,2
*280,3,2,4
*290,2,1,3
*300,3
*310,3,2
*320,1,2
*330,1,2
*340,5,4,3
*350,1
*360,3,5
*370,3,5,4
*380,1,3,5
*390,4,3,1
*400,1,2,5
*410,5,1,3,2
*420,1,4,3
*430,2,5,4
*440,3,1
*450,3,5,4
*460,5,3
*470,3,5
*480,4,5
*490,5,4,3
*500,2,1,4
*510,4,3,1
*520,5,1,3
*530,2
*540,5,1
*550,2,5
*560,3,5
*570,3,5
*580,2,3,4
*590,3,2
*600,4,3
*610,3,5
*620,2,3
*630,2,5
*640,3,2,5
*650,1,5,4
*660,4,5,1
*670,2,5,1
*680,4,1,5
*690,3,4,2,1
*700,1,2
*710,5,1
*720,5,3,1
*730,5,3
*740,5,1,4,3
*750,2,5,1
*760,3,1
*770,2,4
*780,3,4,5,1
*790,4
*800,3
*810,4,2
*820,3,5,2,1
*830,5,2,3
*840,2,3
*850,1,4,3
>10,2
>20,2
>30,2
>40,2
>50,2
>60,2
>70,2
>80,2
>90,4
>100,4
>110,4
>120,4
>130,4
>140,4
>150,4
>160,4
>170,6
>180,6
>190,8
>200,8
>210,8
>220,8
>230,8
>240,8
>250,8
>260,8
>270,8
>280,8
>290,8
>300,8
>310,8
>320,8
>330,8
>340,8
>350,8
>360,10
>370,10
>380,10
>390,10
>400,10
>410,10
>420,10
>430,10
>440,10
>450,10
>460,10
>470,10
>480,10
>490,10
>500,10
>510,10
>520,10
>530,12
>540,12
>550,12
>560,12
>570,12
>580,12
>590,12
>600,12
>610,12
>620,12
>630,12
>640,12
>650,12
>660,12
>670,12
>680,12
>690,12
>700,12
>710,12
>720,12
>730,12
>740,12
>750,12
>760,12
>770,12
>780,14
>790,14
>800,14
>810,14
>820,14
>830,14
>840,14
>850,14
