10,20,30,40,50,60,70,80,90,100,110,120,130,140,150
1,2,3,4,5,6,7,8,9,10,11,12,13,14,15
0,2,2,2,4,4,4,5,5,5,6,6,6,6,7
2,2,4,4,4,4,4,5,5,5,6,6,6,6,7
1,2,3,4,5
2
1315,1517,171930,192130
1,2,3,4,5,6,7,8,9,10
-10,1
-20,2
-30,3
-40,4
-50,5
-60,6
-70,7
-80,8
-90,9
-100,10
-110,11
-120,12
-130,13
-140,14
-150,15
*10,1,5
*20,4,5
*30,5,4
*40,1,2
*50,2,5
*60,3,2,5
*70,3,4
*80,3
*90,2,1
*100,5,4
*110,5,1
*120,1
*130,1,4
*140,4,2,3
*150,3,4,2
>10,2
>20,4
>30,6
>40,6
>50,8
>60,8
>70,8
>80,10
>90,10
>100,10
>110,12
>120,12
>130,12
>140,12
>150,14
