10,20,30,40,50,60,70,80,90,100,110,120,130,140,150,160,170,180,190,200,210,220,230,240,250,260,270,280,290,300,310,320,330,340,350,360,370,380,390,400,410,420,430,440,450,460,470,480,490,500,510,520,530,540,550,560,570,580,590,600,610,620,630,640,650,660,670,680,690,700,710,720,730,740,750,760,770,780,790,800,810,820,830,840,850,860,870,880,890,900,910,920,930,940,950,960,970,980,990,1000,1010,1020,1030,1040,1050,1060,1070,1080,1090,1100,1110,1120,1130,1140,1150,1160,1170,1180,1190,1200
1,2,3,4,5,6,7,8,9,10,11,12,13,14,15,16,17,18,19,20,21,22,23,24,25,26,27,28,29,30,31,32,33,34,35,36,37,38,39,40,41,42,43,44,45,46,47,48,49,50,51,52,53,54,55,56,57,58,59,60,61,62,63,64,65,66,67,68,69,70,71,72,73,74,75,76,77,78,79,80,81,82,83,84,85,86,87,88,89,90,91,92,93,94,95,96,97,98,99,100,101,102,103,104,105,106,107,108,109,110,111,112,113,114,115,116,117,118,119,120
0,0,0,0,0,0,0,0,0,0,0,0,2,2,2,2,2,2,2,2,2,2,2,2,4,4,4,4,4,4,4,4,4,4,4,4,4,4,4,4,4,4,4,4,4,4,4,4,5,5,5,5,5,5,5,5,5,5,5,5,5,5,5,5,5,5,5,5,5,5,5,5,6,6,6,6,6,6,6,6,6,6,6,6,6,6,6,6,6,6,6,6,6,6,6,6,6,6,6,6,6,6,6,6,6,6,6,6,7,7,7,7,7,7,7,7,7,7,7,7
2,2,2,2,2,2,2,2,2,2,2,2,2,2,2,2,2,2,2,2,2,2,2,2,4,4,4,4,4,4,4,4,4,4,4,4,4,4,4,4,4,4,4,4,4,4,4,4,5,5,5,5,5,5,5,5,5,5,5,5,5,5,5,5,5,5,5,5,5,5,5,5,6,6,6,6,6,6,6,6,6,6,6,6,6,6,6,6,6,6,6,6,6,6,6,6,6,6,6,6,6,6,6,6,6,6,6,6,7,7,7,7,7,7,7,7,7,7,7,7
1,2,3,4,5
4
1315,1517,171930,192130
1,2,3,4,5,6,7,8,9,10
-10,1
-20,2
-30,3
-40,4
-50,5
-60,6
-70,7
-80,8
-90,9
-100,10
-110,11
-120,12
-130,13
-140,14
-150,15
-160,16
-170,17
-180,18
-190,19
-200,20
-210,21
-220,22
-230,23
-240,24
-250,25
-260,26
-270,27
-280,28
-290,29
-300,30
-310,31
-320,32
-330,33
-340,34
-350,35
-360,36
-370,37
-380,38
-390,39
-400,40
-410,41
-420,42
-430,43
-440,44
-450,45
-460,46
-470,47
-480,48
-490,49
-500,50
-510,51
-520,52
-530,53
-540,54
-550,55
-560,56
-570,57
-580,58
-590,59
-600,60
-610,61
-620,62
-630,63
-640,64
-650,65
-660,66
-670,67
-680,68
-690,69
-700,70
-710,71
-720,72
-730,73
-740,74
-750,75
-760,76
-770,77
-780,78
-790,79
-800,80
-810,81
-820,82
-830,83
-840,84
-850,85
-860,86
-870,87
-880,88
-890,89
-900,90
-910,91
-920,92
-930,93
-940,94
-950,95
-960,96
-970,97
-980,98
-990,99
-1000,100
-1010,101
-1020,102
-1030,103
-1040,104
-1050,105
-1060,106
-1070,107
-1080,108
-1090,109
-1100,110
-1110,111
-1120,112
-1130,113
-1140,114
-1150,115
-1160,116
-1170,117
-1180,118
-1190,119
-1200,120
*10,1,3,4
*20,1,3
*30,3,2
*40,5,3
*50,4
*60,2,1
*70,5,4,2,1
*80,5,3
*90,2,3,4
*100,1,2
*110,5,2
*120,5,3
*130,3,4,2
*140,2,3
*150,4,1,5
*160,2,4
*170,1,2,3
*180,3,4
*190,2,3,5
*200,3,1
*210,5,4
*220,3,4
*230,4,3
*240,2,4
*250,3,1,2
*260,4,2,1
*270,1,2,5
*280,1,2
*290,4,1,2
*300,1
*310,1,4
*320,2,1,4
*330,5,4,3
*340,5,3,4
*350,3,4
*360,3,2,1,5
*370,3,1
*380,4,5
*390,4,1,2
*400,2,5,1,4
*410,3,2
*420,5,2,1
*430,5,2,4
*440,3,1,5
*450,3,5
*460,4,3,5,1
*470,2,3
*480,2,1
*490,5,3
*500,1,5,2
*510,2,5,1
*520,3,2
*530,5
*540,3,2
*550,4,5
*560,4
*570,5,1
*580,3,2,4
*590,5,4,1
*600,4
*610,3
*620,3,4,1
*630,1,3
*640,4,3,1
*650,3,1,2
*660,4,5,2,3
*670,3,4,1
*680,1,3
*690,2,5,3
*700,2,3
*710,4,3
*720,4,3,1
*730,2,5,1
*740,2,1,3
*750,4,3
*760,1,3,5
*770,4
*780,3,5
*790,4
*800,5,4
*810,5,1
*820,5,1,2
*830,3,1
*840,5,2,4
*850,1,3,2
*860,4,3
*870,1,5
*880,4,5,3
*890,5,4
*900,2,4
*910,3,1
*920,1,5
*930,2
*940,5,2
*950,5,1
*960,1,2,4
*970,3,2
*980,1,2
*990,1,2,3
*1000,5,2,4
*1010,4,5
*1020,4,2,5
*1030,5,3,4
*1040,5,2,4
*1050,5,4
*1060,4,5,2
*1070,1,3
*1080,4,1
*1090,3,2,4
*1100,5,1,2
*1110,3,4,2
*1120,2,4,5
*1130,4,5
*1140,3,2
*1150,2,3,4
*1160,5
*1170,4,5,2
*1180,3
*1190,1,4,5
*1200,5,1
>10,2
>20,2
>30,2
>40,2
>50,2
>60,2
>70,2
>80,2
>90,2
>100,2
>110,2
>120,2
>130,4
>140,4
>150,4
>160,4
>170,4
>180,4
>190,4
>200,4
>210,4
>220,4
>230,4
>240,4
>250,8
>260,8
>270,8
>280,8
>290,8
>300,8
>310,8
>320,8
>330,8
>340,8
>350,8
>360,8
>370,8
>380,8
>390,8
>400,8
>410,8
>420,8
>430,8
>440,8
>450,8
>460,8
>470,8
>480,8
>490,10
>500,10
>510,10
>520,10
>530,10
>540,10
>550,10
>560,10
>570,10
>580,10
>590,10
>600,10
>610,10
>620,10
>630,10
>640,10
>650,10
>660,10
>670,10
>680,10
>690,10
>700,10
>710,10
>720,10
>730,12
>740,12
>750,12
>760,12
>770,12
>780,12
>790,12
>800,12
>810,12
>820,12
>830,12
>840,12
>850,12
>860,12
>870,12
>880,12
>890,12
>900,12
>910,12
>920,12
>930,12
>940,12
>950,12
>960,12
>970,12
>980,12
>990,12
>1000,12
>1010,12
>1020,12
>1030,12
>1040,12
>1050,12
>1060,12
>1070,12
>1080,12
>1090,14
>1100,14
>1110,14
>1120,14
>1130,14
>1140,14
>1150,14
>1160,14
>1170,14
>1180,14
>1190,14
>1200,14
