10,20,30,40,50,60,70,80,90,100,110,120,130,140,150,160,170,180,190,200,210,220,230,240,250,260,270,280,290,300,310,320,330,340,350,360,370,380,390,400,410,420,430,440,450,460,470,480,490,500,510,520,530,540,550,560,570,580,590,600,610,620,630,640,650,660,670,680,690,700,710,720,730,740,750,760,770,780,790,800,810,820,830,840,850,860,870,880,890,900,910,920,930,940,950,960,970,980,990,1000,1010,1020,1030,1040,1050,1060,1070,1080,1090,1100,1110,1120,1130,1140,1150,1160,1170,1180,1190,1200,1210,1220,1230,1240,1250
1,2,3,4,5,6,7,8,9,10,11,12,13,14,15,16,17,18,19,20,21,22,23,24,25,26,27,28,29,30,31,32,33,34,35,36,37,38,39,40,41,42,43,44,45,46,47,48,49,50,51,52,53,54,55,56,57,58,59,60,61,62,63,64,65,66,67,68,69,70,71,72,73,74,75,76,77,78,79,80,81,82,83,84,85,86,87,88,89,90,91,92,93,94,95,96,97,98,99,100,101,102,103,104,105,106,107,108,109,110,111,112,113,114,115,116,117,118,119,120,121,122,123,124,125
0,0,0,0,0,0,0,0,0,0,0,0,2,2,2,2,2,2,2,2,2,2,2,2,2,2,4,4,4,4,4,4,4,4,4,4,4,4,4,4,4,4,4,4,4,4,4,4,4,4,4,5,5,5,5,5,5,5,5,5,5,5,5,5,5,5,5,5,5,5,5,5,5,5,5,5,6,6,6,6,6,6,6,6,6,6,6,6,6,6,6,6,6,6,6,6,6,6,6,6,6,6,6,6,6,6,6,6,6,6,6,6,6,7,7,7,7,7,7,7,7,7,7,7,7
2,2,2,2,2,2,2,2,2,2,2,2,2,2,2,2,2,2,2,2,2,2,2,2,4,4,4,4,4,4,4,4,4,4,4,4,4,4,4,4,4,4,4,4,4,4,4,4,4,4,4,5,5,5,5,5,5,5,5,5,5,5,5,5,5,5,5,5,5,5,5,5,5,5,5,5,6,6,6,6,6,6,6,6,6,6,6,6,6,6,6,6,6,6,6,6,6,6,6,6,6,6,6,6,6,6,6,6,6,6,6,6,6,7,7,7,7,7,7,7,7,7,7,7,7
1,2,3,4,5
1
1315,1517,171930,192130
1,2,3,4,5,6,7,8,9,10
-10,1
-20,2
-30,3
-40,4
-50,5
-60,6
-70,7
-80,8
-90,9
-100,10
-110,11
-120,12
-130,13
-140,14
-150,15
-160,16
-170,17
-180,18
-190,19
-200,20
-210,21
-220,22
-230,23
-240,24
-250,25
-260,26
-270,27
-280,28
-290,29
-300,30
-310,31
-320,32
-330,33
-340,34
-350,35
-360,36
-370,37
-380,38
-390,39
-400,40
-410,41
-420,42
-430,43
-440,44
-450,45
-460,46
-470,47
-480,48
-490,49
-500,50
-510,51
-520,52
-530,53
-540,54
-550,55
-560,56
-570,57
-580,58
-590,59
-600,60
-610,61
-620,62
-630,63
-640,64
-650,65
-660,66
-670,67
-680,68
-690,69
-700,70
-710,71
-720,72
-730,73
-740,74
-750,75
-760,76
-770,77
-780,78
-790,79
-800,80
-810,81
-820,82
-830,83
-840,84
-850,85
-860,86
-870,87
-880,88
-890,89
-900,90
-910,91
-920,92
-930,93
-940,94
-950,95
-960,96
-970,97
-980,98
-990,99
-1000,100
-1010,101
-1020,102
-1030,103
-1040,104
-1050,105
-1060,106
-1070,107
-1080,108
-1090,109
-1100,110
-1110,111
-1120,112
-1130,113
-1140,114
-1150,115
-1160,116
-1170,117
-1180,118
-1190,119
-1200,120
-1210,121
-1220,122
-1230,123
-1240,124
-1250,125
*10,5,4
*20,3
*30,1,3
*40,2,1,4
*50,2,4,5
*60,4,2
*70,3,2,1,4
*80,2,1,3
*90,3,1,2
*100,2,3
*110,1,4
*120,5,2
*130,1,2,5
*140,2
*150,4,3
*160,3,5,4
*170,5,2,4
*180,2
*190,4,2,3,5
*200,5,2,1,4
*210,2,5,3
*220,4,3,2
*230,2,1
*240,4,3,2
*250,4,3
*260,2,4
*270,5,1
*280,5,3
*290,4,1,5
*300,5,3
*310,1
*320,2,5,1
*330,3,4
*340,2,4
*350,2,5,4
*360,2,3
*370,1,5,2
*380,1,5
*390,4,2
*400,4,1,5,2
*410,1,2
*420,4,3
*430,1,4
*440,1,5,4
*450,1,3
*460,5,3
*470,4,2
*480,5
*490,3,4,1,2
*500,4,3
*510,2,4
*520,4
*530,3,1
*540,2,4
*550,5,1,3
*560,4,2,1,5
*570,1,2,3
*580,1,2
*590,4,2
*600,5,4
*610,1,3
*620,2,1
*630,2,1
*640,5,1
*650,1,2
*660,5
*670,1,3,5
*680,5,1,4
*690,1,5
*700,2
*710,5,3
*720,5,2,3
*730,2,4,1
*740,5,2
*750,4,2,1
*760,4,1,2,5
*770,5,1,2
*780,1,4
*790,1,2
*800,5,1,2
*810,1,2
*820,5
*830,3,1
*840,1,5,2
*850,4,2,3,5
*860,4,2,3
*870,4,5
*880,3
*890,4,2,3
*900,3
*910,5,3
*920,4,3,1
*930,2
*940,3,5
*950,1,5
*960,2
*970,2,3,1
*980,3,4
*990,5,3
*1000,2,5,4
*1010,1,2
*1020,5,4
*1030,4,5,2
*1040,3,4
*1050,4,2,5
*1060,2,4,1
*1070,5,4
*1080,1,4,3,2
*1090,2,1,4
*1100,2,4,1
*1110,3,4
*1120,2,5,3
*1130,3,2,1
*1140,1,5
*1150,5,4
*1160,3,4,5
*1170,1,5,3
*1180,3,5,2
*1190,2,4,3
*1200,5,2
*1210,2,3
*1220,2,1,3
*1230,5,3,4
*1240,2,5,1
*1250,2,4,1
>10,2
>20,2
>30,2
>40,2
>50,2
>60,2
>70,2
>80,2
>90,2
>100,2
>110,2
>120,2
>130,4
>140,4
>150,4
>160,4
>170,4
>180,4
>190,4
>200,4
>210,4
>220,4
>230,4
>240,4
>250,6
>260,6
>270,8
>280,8
>290,8
>300,8
>310,8
>320,8
>330,8
>340,8
>350,8
>360,8
>370,8
>380,8
>390,8
>400,8
>410,8
>420,8
>430,8
>440,8
>450,8
>460,8
>470,8
>480,8
>490,8
>500,8
>510,8
>520,10
>530,10
>540,10
>550,10
>560,10
>570,10
>580,10
>590,10
>600,10
>610,10
>620,10
>630,10
>640,10
>650,10
>660,10
>670,10
>680,10
>690,10
>700,10
>710,10
>720,10
>730,10
>740,10
>750,10
>760,10
>770,12
>780,12
>790,12
>800,12
>810,12
>820,12
>830,12
>840,12
>850,12
>860,12
>870,12
>880,12
>890,12
>900,12
>910,12
>920,12
>930,12
>940,12
>950,12
>960,12
>970,12
>980,12
>990,12
>1000,12
>1010,12
>1020,12
>1030,12
>1040,12
>1050,12
>1060,12
>1070,12
>1080,12
>1090,12
>1100,12
>1110,12
>1120,12
>1130,12
>1140,14
>1150,14
>1160,14
>1170,14
>1180,14
>1190,14
>1200,14
>1210,14
>1220,14
>1230,14
>1240,14
>1250,14
