10,20,30,40,50,60,70,80,90,100,110,120,130,140,150,160,170,180,190,200,210,220,230,240,250,260,270,280,290,300,310,320,330,340,350,360,370,380,390,400,410,420,430,440,450,460,470,480,490,500,510,520,530,540,550,560,570,580,590,600,610,620,630,640,650,660,670,680,690,700,710,720,730,740,750,760,770,780,790,800,810,820,830,840,850,860,870,880,890,900,910,920,930,940,950,960,970,980,990,1000,1010,1020,1030,1040,1050,1060,1070,1080,1090,1100,1110,1120,1130,1140,1150,1160,1170,1180,1190,1200,1210,1220,1230,1240,1250,1260,1270,1280,1290,1300,1310,1320,1330,1340,1350,1360,1370,1380,1390,1400,1410,1420,1430,1440,1450
1,2,3,4,5,6,7,8,9,10,11,12,13,14,15,16,17,18,19,20,21,22,23,24,25,26,27,28,29,30,31,32,33,34,35,36,37,38,39,40,41,42,43,44,45,46,47,48,49,50,51,52,53,54,55,56,57,58,59,60,61,62,63,64,65,66,67,68,69,70,71,72,73,74,75,76,77,78,79,80,81,82,83,84,85,86,87,88,89,90,91,92,93,94,95,96,97,98,99,100,101,102,103,104,105,106,107,108,109,110,111,112,113,114,115,116,117,118,119,120,121,122,123,124,125,126,127,128,129,130,131,132,133,134,135,136,137,138,139,140,141,142,143,144,145
0,0,0,0,0,0,0,0,0,0,0,0,0,0,2,2,2,2,2,2,2,2,2,2,2,2,2,2,2,2,4,4,4,4,4,4,4,4,4,4,4,4,4,4,4,4,4,4,4,4,4,4,4,4,4,4,4,4,4,5,5,5,5,5,5,5,5,5,5,5,5,5,5,5,5,5,5,5,5,5,5,5,5,5,5,5,5,5,6,6,6,6,6,6,6,6,6,6,6,6,6,6,6,6,6,6,6,6,6,6,6,6,6,6,6,6,6,6,6,6,6,6,6,6,6,6,6,6,6,6,6,7,7,7,7,7,7,7,7,7,7,7,7,7,7
2,2,2,2,2,2,2,2,2,2,2,2,2,2,2,2,2,2,2,2,2,2,2,2,2,2,2,2,4,4,4,4,4,4,4,4,4,4,4,4,4,4,4,4,4,4,4,4,4,4,4,4,4,4,4,4,4,4,4,5,5,5,5,5,5,5,5,5,5,5,5,5,5,5,5,5,5,5,5,5,5,5,5,5,5,5,5,5,6,6,6,6,6,6,6,6,6,6,6,6,6,6,6,6,6,6,6,6,6,6,6,6,6,6,6,6,6,6,6,6,6,6,6,6,6,6,6,6,6,6,6,7,7,7,7,7,7,7,7,7,7,7,7,7,7
1,2,3,4,5
2
1315,1517,171930,192130
1,2,3,4,5,6,7,8,9,10
-10,1
-20,2
-30,3
-40,4
-50,5
-60,6
-70,7
-80,8
-90,9
-100,10
-110,11
-120,12
-130,13
-140,14
-150,15
-160,16
-170,17
-180,18
-190,19
-200,20
-210,21
-220,22
-230,23
-240,24
-250,25
-260,26
-270,27
-280,28
-290,29
-300,30
-310,31
-320,32
-330,33
-340,34
-350,35
-360,36
-370,37
-380,38
-390,39
-400,40
-410,41
-420,42
-430,43
-440,44
-450,45
-460,46
-470,47
-480,48
-490,49
-500,50
-510,51
-520,52
-530,53
-540,54
-550,55
-560,56
-570,57
-580,58
-590,59
-600,60
-610,61
-620,62
-630,63
-640,64
-650,65
-660,66
-670,67
-680,68
-690,69
-700,70
-710,71
-720,72
-730,73
-740,74
-750,75
-760,76
-770,77
-780,78
-790,79
-800,80
-810,81
-820,82
-830,83
-840,84
-850,85
-860,86
-870,87
-880,88
-890,89
-900,90
-910,91
-920,92
-930,93
-940,94
-950,95
-960,96
-970,97
-980,98
-990,99
-1000,100
-1010,101
-1020,102
-1030,103
-1040,104
-1050,105
-1060,106
-1070,107
-1080,108
-1090,109
-1100,110
-1110,111
-1120,112
-1130,113
-1140,114
-1150,115
-1160,116
-1170,117
-1180,118
-1190,119
-1200,120
-1210,121
-1220,122
-1230,123
-1240,124
-1250,125
-1260,126
-1270,127
-1280,128
-1290,129
-1300,130
-1310,131
-1320,132
-1330,133
-1340,134
-1350,135
-1360,136
-1370,137
-1380,138
-1390,139
-1400,140
-1410,141
-1420,142
-1430,143
-1440,144
-1450,145
*10,5,4,2
*20,2,3,4
*30,1,2,5
*40,2,5
*50,4,2
*60,5,4
*70,5,2
*80,3,5,1
*90,2,4
*100,1,2
*110,1,5,2
*120,5,2
*130,2
*140,2,4,1
*150,5
*160,2,5,3
*170,1,4,5
*180,1,5
*190,4,1,2
*200,2,1,3
*210,3
*220,2
*230,5,1,2
*240,5
*250,4,2
*260,1
*270,3,4
*280,1,4,5
*290,1,4
*300,2,1,3
*310,2,5,3
*320,4
*330,2,5,1
*340,2,1
*350,4,5,1
*360,5,2,1
*370,5,3
*380,1,2
*390,3
*400,2,5
*410,5,3,4
*420,5,3
*430,5,2,3
*440,4
*450,4,5,3
*460,5,4
*470,5,4
*480,1,3
*490,3
*500,3,2
*510,4,2,3
*520,1,2,4
*530,4,5
*540,2,1,5
*550,5
*560,4,2
*570,1
*580,5,1,2
*590,3,2
*600,5,2
*610,3,2
*620,4,2,5,1
*630,2,3,4
*640,5,2,3
*650,2,3
*660,4,2,1
*670,4,1
*680,4,5
*690,5,1
*700,2,5,3
*710,4,3,1
*720,3,4
*730,4,3,2
*740,2,4,1,3
*750,2,1,5
*760,1,2
*770,1,3,5,4
*780,2
*790,4,2
*800,5,4
*810,5,2,4
*820,2,4,5
*830,4,5
*840,4,2,1
*850,5,3
*860,4,2,1,5
*870,2
*880,5,1
*890,5,2,3
*900,2,3
*910,3,2,4
*920,5,3
*930,5,2
*940,5,3
*950,3,1,5
*960,3,4
*970,4,2,3
*980,5,2,4
*990,4,1
*1000,4,5,2
*1010,3,4
*1020,5
*1030,2
*1040,1,2
*1050,1,3
*1060,1
*1070,2,1
*1080,2,1,5
*1090,3,1,4
*1100,2,1,5,3
*1110,2,1,3
*1120,2,1
*1130,1,3
*1140,4,3
*1150,1,4
*1160,1,5,3
*1170,1,4,2
*1180,1,2
*1190,5,1,3
*1200,2,1,5,4
*1210,2
*1220,5,4
*1230,4,5,2
*1240,5,2
*1250,1,3
*1260,4,3
*1270,3,2
*1280,3,4,1
*1290,2,5
*1300,4,1
*1310,5,4
*1320,5
*1330,2,4
*1340,1,2
*1350,3,1,2
*1360,3,4
*1370,1,3,2,5
*1380,1,5
*1390,5,4
*1400,5,3,1
*1410,4,1
*1420,5,4,1
*1430,5,3
*1440,5,2,3
*1450,1,4
>10,2
>20,2
>30,2
>40,2
>50,2
>60,2
>70,2
>80,2
>90,2
>100,2
>110,2
>120,2
>130,2
>140,2
>150,4
>160,4
>170,4
>180,4
>190,4
>200,4
>210,4
>220,4
>230,4
>240,4
>250,4
>260,4
>270,4
>280,4
>290,6
>300,6
>310,8
>320,8
>330,8
>340,8
>350,8
>360,8
>370,8
>380,8
>390,8
>400,8
>410,8
>420,8
>430,8
>440,8
>450,8
>460,8
>470,8
>480,8
>490,8
>500,8
>510,8
>520,8
>530,8
>540,8
>550,8
>560,8
>570,8
>580,8
>590,8
>600,10
>610,10
>620,10
>630,10
>640,10
>650,10
>660,10
>670,10
>680,10
>690,10
>700,10
>710,10
>720,10
>730,10
>740,10
>750,10
>760,10
>770,10
>780,10
>790,10
>800,10
>810,10
>820,10
>830,10
>840,10
>850,10
>860,10
>870,10
>880,10
>890,12
>900,12
>910,12
>920,12
>930,12
>940,12
>950,12
>960,12
>970,12
>980,12
>990,12
>1000,12
>1010,12
>1020,12
>1030,12
>1040,12
>1050,12
>1060,12
>1070,12
>1080,12
>1090,12
>1100,12
>1110,12
>1120,12
>1130,12
>1140,12
>1150,12
>1160,12
>1170,12
>1180,12
>1190,12
>1200,12
>1210,12
>1220,12
>1230,12
>1240,12
>1250,12
>1260,12
>1270,12
>1280,12
>1290,12
>1300,12
>1310,12
>1320,14
>1330,14
>1340,14
>1350,14
>1360,14
>1370,14
>1380,14
>1390,14
>1400,14
>1410,14
>1420,14
>1430,14
>1440,14
>1450,14
