10,20,30,40,50,60,70,80,90,100,110,120,130,140,150,160,170,180,190,200
1,2,3,4,5,6,7,8,9,10,11,12,13,14,15,16,17,18,19,20
0,0,2,2,4,4,4,4,5,5,5,5,6,6,6,6,6,6,7,7
2,2,2,2,4,4,4,4,5,5,5,5,6,6,6,6,6,6,7,7
1,2,3,4,5
2
1315,1517,171930,192130
1,2,3,4,5,6,7,8,9,10
-10,1
-20,2
-30,3
-40,4
-50,5
-60,6
-70,7
-80,8
-90,9
-100,10
-110,11
-120,12
-130,13
-140,14
-150,15
-160,16
-170,17
-180,18
-190,19
-200,20
*10,5,1,2
*20,2,5
*30,1,3,2
*40,2
*50,3,4
*60,3
*70,3,5,4
*80,3
*90,2,5,1
*100,5,2,1,4
*110,1
*120,2,5
*130,4,1
*140,3,1,2
*150,3,1
*160,2,3
*170,3,2,1
*180,4,1,2
*190,2,5
*200,4,1,3
>10,2
>20,2
>30,4
>40,4
>50,8
>60,8
>70,8
>80,8
>90,10
>100,10
>110,10
>120,10
>130,12
>140,12
>150,12
>160,12
>170,12
>180,12
>190,14
>200,14
