10,20,30,40,50,60,70,80,90,100,110,120,130,140,150,160,170,180,190,200,210,220,230,240,250
1,2,3,4,5,6,7,8,9,10,11,12,13,14,15,16,17,18,19,20,21,22,23,24,25
0,0,2,2,2,2,4,4,4,4,4,5,5,5,5,5,6,6,6,6,6,6,6,7,7
2,2,2,2,4,4,4,4,4,4,4,5,5,5,5,5,6,6,6,6,6,6,6,7,7
1,2,3,4,5
4
1315,1517,171930,192130
1,2,3,4,5,6,7,8,9,10
-10,1
-20,2
-30,3
-40,4
-50,5
-60,6
-70,7
-80,8
-90,9
-100,10
-110,11
-120,12
-130,13
-140,14
-150,15
-160,16
-170,17
-180,18
-190,19
-200,20
-210,21
-220,22
-230,23
-240,24
-250,25
*10,3,5
*20,5,1
*30,4,2
*40,5,1
*50,4,3
*60,2,4
*70,4,5
*80,5
*90,2,1
*100,5,1,2
*110,2,4
*120,2,5
*130,4
*140,2,4,5
*150,2,3
*160,1
*170,5,4,2,3
*180,3
*190,5,3,4
*200,3,1
*210,2,1,3
*220,4,1
*230,1,3,4
*240,4,3,1
*250,3,1,5
>10,2
>20,2
>30,4
>40,4
>50,6
>60,6
>70,8
>80,8
>90,8
>100,8
>110,8
>120,10
>130,10
>140,10
>150,10
>160,10
>170,12
>180,12
>190,12
>200,12
>210,12
>220,12
>230,12
>240,14
>250,14
