10,20,30,40,50,60,70,80,90,100,110,120,130,140,150,160,170,180,190,200,210,220,230,240,250,260,270,280,290,300
1,2,3,4,5,6,7,8,9,10,11,12,13,14,15,16,17,18,19,20,21,22,23,24,25,26,27,28,29,30
0,0,0,2,2,2,4,4,4,4,4,4,5,5,5,5,5,5,6,6,6,6,6,6,6,6,6,7,7,7
2,2,2,2,2,2,4,4,4,4,4,4,5,5,5,5,5,5,6,6,6,6,6,6,6,6,6,7,7,7
1,2,3,4,5
3
1315,1517,171930,192130
1,2,3,4,5,6,7,8,9,10
-10,1
-20,2
-30,3
-40,4
-50,5
-60,6
-70,7
-80,8
-90,9
-100,10
-110,11
-120,12
-130,13
-140,14
-150,15
-160,16
-170,17
-180,18
-190,19
-200,20
-210,21
-220,22
-230,23
-240,24
-250,25
-260,26
-270,27
-280,28
-290,29
-300,30
*10,5,1,4
*20,2,1
*30,1,4
*40,1,4
*50,2
*60,5,3,1
*70,5,1,4
*80,4,1
*90,3
*100,3
*110,2,4,3
*120,3,2,4
*130,3,2
*140,4,1
*150,2,5
*160,4,5,2
*170,2,1,3
*180,1,3,2,4
*190,5,2,4
*200,2,4
*210,4,1
*220,5,4
*230,5,2,1
*240,2,5,3
*250,3,4
*260,3,4,1
*270,2,1,3
*280,4,1
*290,5,3
*300,1,5,4
>10,2
>20,2
>30,2
>40,4
>50,4
>60,4
>70,8
>80,8
>90,8
>100,8
>110,8
>120,8
>130,10
>140,10
>150,10
>160,10
>170,10
>180,10
>190,12
>200,12
>210,12
>220,12
>230,12
>240,12
>250,12
>260,12
>270,12
>280,14
>290,14
>300,14
