10,20,30,40,50,60,70,80,90,100,110,120,130,140,150,160,170,180,190,200,210,220,230,240,250,260,270,280,290,300,310,320,330,340,350
1,2,3,4,5,6,7,8,9,10,11,12,13,14,15,16,17,18,19,20,21,22,23,24,25,26,27,28,29,30,31,32,33,34,35
0,0,0,2,2,2,2,2,4,4,4,4,4,4,4,5,5,5,5,5,5,5,6,6,6,6,6,6,6,6,6,6,7,7,7
2,2,2,2,2,2,4,4,4,4,4,4,4,4,4,5,5,5,5,5,5,5,6,6,6,6,6,6,6,6,6,6,7,7,7
1,2,3,4,5
3
1315,1517,171930,192130
1,2,3,4,5,6,7,8,9,10
-10,1
-20,2
-30,3
-40,4
-50,5
-60,6
-70,7
-80,8
-90,9
-100,10
-110,11
-120,12
-130,13
-140,14
-150,15
-160,16
-170,17
-180,18
-190,19
-200,20
-210,21
-220,22
-230,23
-240,24
-250,25
-260,26
-270,27
-280,28
-290,29
-300,30
-310,31
-320,32
-330,33
-340,34
-350,35
*10,5,2,3
*20,5,3,4
*30,3,5,1
*40,5,3,4
*50,4,1,5
*60,5
*70,1,4,5,3
*80,4,3,1
*90,2,5
*100,1
*110,2
*120,5,1
*130,1,2
*140,2,3
*150,2,4
*160,2,4
*170,1,4
*180,2,1,5
*190,4,1
*200,1,3
*210,3
*220,2,3,1
*230,5,4
*240,3,4
*250,3,4
*260,4,1
*270,4,3
*280,5,4,3
*290,1,3,4
*300,4,1,5
*310,5,2
*320,3,1
*330,4,1,3
*340,2,1
*350,2,3,1
>10,2
>20,2
>30,2
>40,4
>50,4
>60,4
>70,6
>80,6
>90,8
>100,8
>110,8
>120,8
>130,8
>140,8
>150,8
>160,10
>170,10
>180,10
>190,10
>200,10
>210,10
>220,10
>230,12
>240,12
>250,12
>260,12
>270,12
>280,12
>290,12
>300,12
>310,12
>320,12
>330,14
>340,14
>350,14
