10,20,30,40,50,60,70,80,90,100,110,120,130,140,150,160,170,180,190,200,210,220,230,240,250,260,270,280,290,300,310,320,330,340,350,360,370,380,390,400
1,2,3,4,5,6,7,8,9,10,11,12,13,14,15,16,17,18,19,20,21,22,23,24,25,26,27,28,29,30,31,32,33,34,35,36,37,38,39,40
0,0,0,0,2,2,2,2,4,4,4,4,4,4,4,4,5,5,5,5,5,5,5,5,6,6,6,6,6,6,6,6,6,6,6,6,7,7,7,7
2,2,2,2,2,2,2,2,4,4,4,4,4,4,4,4,5,5,5,5,5,5,5,5,6,6,6,6,6,6,6,6,6,6,6,6,7,7,7,7
1,2,3,4,5
5
1315,1517,171930,192130
1,2,3,4,5,6,7,8,9,10
-10,1
-20,2
-30,3
-40,4
-50,5
-60,6
-70,7
-80,8
-90,9
-100,10
-110,11
-120,12
-130,13
-140,14
-150,15
-160,16
-170,17
-180,18
-190,19
-200,20
-210,21
-220,22
-230,23
-240,24
-250,25
-260,26
-270,27
-280,28
-290,29
-300,30
-310,31
-320,32
-330,33
-340,34
-350,35
-360,36
-370,37
-380,38
-390,39
-400,40
*10,4,5,2
*20,3,4,2
*30,3,5,4
*40,4,5
*50,2,4
*60,3,2
*70,4,3,5
*80,4,5,1
*90,4,3,2
*100,4,1,3
*110,1,4,2
*120,4,3,5
*130,2,4,3
*140,2,5
*150,3
*160,4,3,2
*170,3,2,5
*180,2,1,3
*190,2,1,4
*200,2,3,5
*210,4,3
*220,3,4
*230,3,2
*240,4,5,2
*250,4,1,3
*260,1,2
*270,2,1
*280,5,3
*290,1,2
*300,4,3
*310,4,2,1
*320,5,1,2
*330,4,5
*340,2,3
*350,1,2,3
*360,1,5
*370,3,5
*380,4,1,2,3
*390,4,1,5
*400,1,3,5
>10,2
>20,2
>30,2
>40,2
>50,4
>60,4
>70,4
>80,4
>90,8
>100,8
>110,8
>120,8
>130,8
>140,8
>150,8
>160,8
>170,10
>180,10
>190,10
>200,10
>210,10
>220,10
>230,10
>240,10
>250,12
>260,12
>270,12
>280,12
>290,12
>300,12
>310,12
>320,12
>330,12
>340,12
>350,12
>360,12
>370,14
>380,14
>390,14
>400,14
