10,20,30,40,50,60,70,80,90,100,110,120,130,140,150,160,170,180,190,200,210,220,230,240,250,260,270,280,290,300,310,320,330,340,350,360,370,380,390,400,410,420,430,440,450
1,2,3,4,5,6,7,8,9,10,11,12,13,14,15,16,17,18,19,20,21,22,23,24,25,26,27,28,29,30,31,32,33,34,35,36,37,38,39,40,41,42,43,44,45
0,0,0,0,2,2,2,2,2,2,4,4,4,4,4,4,4,4,4,5,5,5,5,5,5,5,5,5,6,6,6,6,6,6,6,6,6,6,6,6,6,7,7,7,7
2,2,2,2,2,2,2,2,4,4,4,4,4,4,4,4,4,4,4,5,5,5,5,5,5,5,5,5,6,6,6,6,6,6,6,6,6,6,6,6,6,7,7,7,7
1,2,3,4,5
2
1315,1517,171930,192130
1,2,3,4,5,6,7,8,9,10
-10,1
-20,2
-30,3
-40,4
-50,5
-60,6
-70,7
-80,8
-90,9
-100,10
-110,11
-120,12
-130,13
-140,14
-150,15
-160,16
-170,17
-180,18
-190,19
-200,20
-210,21
-220,22
-230,23
-240,24
-250,25
-260,26
-270,27
-280,28
-290,29
-300,30
-310,31
-320,32
-330,33
-340,34
-350,35
-360,36
-370,37
-380,38
-390,39
-400,40
-410,41
-420,42
-430,43
-440,44
-450,45
*10,5,1
*20,5,2
*30,4,3
*40,5,2
*50,5,4,1
*60,4,2
*70,3,5
*80,4,3
*90,5,1,4
*100,4,5,3
*110,1,5,2
*120,4,1
*130,5,1,2
*140,5
*150,2,5,1
*160,4
*170,1,5
*180,3,5
*190,1,3
*200,3,4
*210,3,5
*220,4,2,3
*230,3,1
*240,4,2,5
*250,3,4,5
*260,2,5
*270,4,5
*280,2,4,5
*290,3,2
*300,1,2,5
*310,1,3
*320,2,4
*330,2,3,1
*340,1,2
*350,2,3,1
*360,1,4
*370,3,2,5
*380,3
*390,3,1,2
*400,1,2,3
*410,2,5
*420,1,2
*430,5,4
*440,3,1,2,5
*450,3,4
>10,2
>20,2
>30,2
>40,2
>50,4
>60,4
>70,4
>80,4
>90,6
>100,6
>110,8
>120,8
>130,8
>140,8
>150,8
>160,8
>170,8
>180,8
>190,8
>200,10
>210,10
>220,10
>230,10
>240,10
>250,10
>260,10
>270,10
>280,10
>290,12
>300,12
>310,12
>320,12
>330,12
>340,12
>350,12
>360,12
>370,12
>380,12
>390,12
>400,12
>410,12
>420,14
>430,14
>440,14
>450,14
