10,20,30,40,50,60,70,80,90,100,110,120,130,140,150,160,170,180,190,200,210,220,230,240,250,260,270,280,290,300,310,320,330,340,350,360,370,380,390,400,410,420,430,440,450,460,470,480,490,500
1,2,3,4,5,6,7,8,9,10,11,12,13,14,15,16,17,18,19,20,21,22,23,24,25,26,27,28,29,30,31,32,33,34,35,36,37,38,39,40,41,42,43,44,45,46,47,48,49,50
0,0,0,0,0,2,2,2,2,2,4,4,4,4,4,4,4,4,4,4,5,5,5,5,5,5,5,5,5,5,6,6,6,6,6,6,6,6,6,6,6,6,6,6,6,7,7,7,7,7
2,2,2,2,2,2,2,2,2,2,4,4,4,4,4,4,4,4,4,4,5,5,5,5,5,5,5,5,5,5,6,6,6,6,6,6,6,6,6,6,6,6,6,6,6,7,7,7,7,7
1,2,3,4,5
5
1315,1517,171930,192130
1,2,3,4,5,6,7,8,9,10
-10,1
-20,2
-30,3
-40,4
-50,5
-60,6
-70,7
-80,8
-90,9
-100,10
-110,11
-120,12
-130,13
-140,14
-150,15
-160,16
-170,17
-180,18
-190,19
-200,20
-210,21
-220,22
-230,23
-240,24
-250,25
-260,26
-270,27
-280,28
-290,29
-300,30
-310,31
-320,32
-330,33
-340,34
-350,35
-360,36
-370,37
-380,38
-390,39
-400,40
-410,41
-420,42
-430,43
-440,44
-450,45
-460,46
-470,47
-480,48
-490,49
-500,50
*10,1,3
*20,4,1
*30,3,1
*40,3
*50,5,4,1,3
*60,4,2,3
*70,3,4,2
*80,1,2
*90,4,5,1
*100,3,1
*110,1,4
*120,3
*130,4,1
*140,2,3
*150,2,3,4
*160,5,1
*170,3,4
*180,5,1,2
*190,4,1
*200,4,3,1
*210,4,1,5
*220,1,2
*230,2,1
*240,1,4,5
*250,4,2,5
*260,1,2
*270,5,3,2
*280,1,3,2
*290,3,1,2
*300,2
*310,4
*320,3,4,2
*330,3,1,5
*340,2,3
*350,1,5,2
*360,4
*370,1,4
*380,4,2,1
*390,2,1,5
*400,3,4
*410,3,5
*420,3,5,1,2
*430,3,4
*440,4,3
*450,2,5
*460,3,4,5
*470,4,2
*480,2
*490,2,4
*500,3,2,5
>10,2
>20,2
>30,2
>40,2
>50,2
>60,4
>70,4
>80,4
>90,4
>100,4
>110,8
>120,8
>130,8
>140,8
>150,8
>160,8
>170,8
>180,8
>190,8
>200,8
>210,10
>220,10
>230,10
>240,10
>250,10
>260,10
>270,10
>280,10
>290,10
>300,10
>310,12
>320,12
>330,12
>340,12
>350,12
>360,12
>370,12
>380,12
>390,12
>400,12
>410,12
>420,12
>430,12
>440,12
>450,12
>460,14
>470,14
>480,14
>490,14
>500,14
