10,20,30,40,50,60,70,80,90,100,110,120,130,140,150,160,170,180,190,200,210,220,230,240,250,260,270,280,290,300
1,2,3,4,5,6,7,8,9,10,11,12,13,14,15,16,17,18,19,20,21,22,23,24,25,26,27,28,29,30
2,2,2,2,2,2,4,4,4,4,4,4,5,5,5,5,5,5,5,5,5,6,6,6,6,6,6,6,6,6
4,4,4,4,4,4,4,4,4,4,4,4,5,5,5,5,5,5,5,5,5,6,6,6,6,6,6,6,6,6
1,2,3,4,5
1
1315,1517,171930,192130
1,2,3,4,5,6,7,8,9,10
-10,1
-20,2
-30,3
-40,4
-50,5
-60,6
-70,7
-80,8
-90,9
-100,10
-110,11
-120,12
-130,13
-140,14
-150,15
-160,16
-170,17
-180,18
-190,19
-200,20
-210,21
-220,22
-230,23
-240,24
-250,25
-260,26
-270,27
-280,28
-290,29
-300,30
*10,3,4
*20,3,5
*30,1,2,5,4
*40,3,5
*50,5,2,3,1
*60,1,4
*70,1,5,3,4
*80,5,2
*90,4,1
*100,1,4,3,2
*110,1,5
*120,2,1,5
*130,5,1
*140,5,2
*150,1,2
*160,1,5,3
*170,3,5
*180,1,3,2
*190,5,3,1
*200,5,4
*210,5,3
*220,5,1,3
*230,3,1,5
*240,5,2,3
*250,2,4
*260,5,3
*270,1,3
*280,2,3
*290,4,1,2,5
*300,1,2
>10,6
>20,6
>30,6
>40,6
>50,6
>60,6
>70,8
>80,8
>90,8
>100,8
>110,8
>120,8
>130,10
>140,10
>150,10
>160,10
>170,10
>180,10
>190,10
>200,10
>210,10
>220,12
>230,12
>240,12
>250,12
>260,12
>270,12
>280,12
>290,12
>300,12
