10,20,30,40,50,60,70,80,90,100,110,120,130,140,150,160,170,180,190,200,210,220,230,240,250,260,270,280,290,300,310,320,330,340,350,360,370,380,390,400,410,420,430,440,450,460,470,480,490,500,510,520,530,540,550,560,570,580,590,600,610,620,630,640,650,660,670,680,690,700,710,720,730,740,750,760,770,780,790,800,810,820,830,840,850,860,870,880,890,900,910,920,930,940,950,960,970,980,990,1000,1010,1020,1030,1040,1050,1060,1070,1080,1090,1100,1110,1120,1130,1140,1150,1160,1170,1180,1190,1200,1210,1220,1230,1240,1250,1260,1270,1280,1290,1300
1,2,3,4,5,6,7,8,9,10,11,12,13,14,15,16,17,18,19,20,21,22,23,24,25,26,27,28,29,30,31,32,33,34,35,36,37,38,39,40,41,42,43,44,45,46,47,48,49,50,51,52,53,54,55,56,57,58,59,60,61,62,63,64,65,66,67,68,69,70,71,72,73,74,75,76,77,78,79,80,81,82,83,84,85,86,87,88,89,90,91,92,93,94,95,96,97,98,99,100,101,102,103,104,105,106,107,108,109,110,111,112,113,114,115,116,117,118,119,120,121,122,123,124,125,126,127,128,129,130
2,2,2,2,2,2,2,2,2,2,2,2,2,2,2,2,2,2,2,2,2,2,2,2,2,2,4,4,4,4,4,4,4,4,4,4,4,4,4,4,4,4,4,4,4,4,4,4,4,4,4,4,5,5,5,5,5,5,5,5,5,5,5,5,5,5,5,5,5,5,5,5,5,5,5,5,5,5,5,5,5,5,5,5,5,5,5,5,5,5,5,6,6,6,6,6,6,6,6,6,6,6,6,6,6,6,6,6,6,6,6,6,6,6,6,6,6,6,6,6,6,6,6,6,6,6,6,6,6,6
4,4,4,4,4,4,4,4,4,4,4,4,4,4,4,4,4,4,4,4,4,4,4,4,4,4,4,4,4,4,4,4,4,4,4,4,4,4,4,4,4,4,4,4,4,4,4,4,4,4,4,4,5,5,5,5,5,5,5,5,5,5,5,5,5,5,5,5,5,5,5,5,5,5,5,5,5,5,5,5,5,5,5,5,5,5,5,5,5,5,5,6,6,6,6,6,6,6,6,6,6,6,6,6,6,6,6,6,6,6,6,6,6,6,6,6,6,6,6,6,6,6,6,6,6,6,6,6,6,6
1,2,3,4,5
1
1315,1517,171930,192130
1,2,3,4,5,6,7,8,9,10
-10,1
-20,2
-30,3
-40,4
-50,5
-60,6
-70,7
-80,8
-90,9
-100,10
-110,11
-120,12
-130,13
-140,14
-150,15
-160,16
-170,17
-180,18
-190,19
-200,20
-210,21
-220,22
-230,23
-240,24
-250,25
-260,26
-270,27
-280,28
-290,29
-300,30
-310,31
-320,32
-330,33
-340,34
-350,35
-360,36
-370,37
-380,38
-390,39
-400,40
-410,41
-420,42
-430,43
-440,44
-450,45
-460,46
-470,47
-480,48
-490,49
-500,50
-510,51
-520,52
-530,53
-540,54
-550,55
-560,56
-570,57
-580,58
-590,59
-600,60
-610,61
-620,62
-630,63
-640,64
-650,65
-660,66
-670,67
-680,68
-690,69
-700,70
-710,71
-720,72
-730,73
-740,74
-750,75
-760,76
-770,77
-780,78
-790,79
-800,80
-810,81
-820,82
-830,83
-840,84
-850,85
-860,86
-870,87
-880,88
-890,89
-900,90
-910,91
-920,92
-930,93
-940,94
-950,95
-960,96
-970,97
-980,98
-990,99
-1000,100
-1010,101
-1020,102
-1030,103
-1040,104
-1050,105
-1060,106
-1070,107
-1080,108
-1090,109
-1100,110
-1110,111
-1120,112
-1130,113
-1140,114
-1150,115
-1160,116
-1170,117
-1180,118
-1190,119
-1200,120
-1210,121
-1220,122
-1230,123
-1240,124
-1250,125
-1260,126
-1270,127
-1280,128
-1290,129
-1300,130
*10,5,1,4
*20,3,2
*30,2,5
*40,5,1
*50,4,5,3
*60,2,4,1
*70,5,2
*80,1
*90,3,4
*100,1,3,5
*110,2,1,4
*120,1
*130,5,3
*140,3,1
*150,4,3
*160,2
*170,2,5
*180,3,4
*190,2,5
*200,4,5
*210,4
*220,1,3,2
*230,1,2
*240,2,1,5,3
*250,5,3
*260,4,3
*270,3,5,1
*280,1,4
*290,1,5,2
*300,5,3
*310,4,5
*320,5,3
*330,3,5
*340,4,2
*350,2,5,4
*360,3,4,2
*370,5,3
*380,2,1
*390,1,2
*400,5,4
*410,2,5
*420,5,3,1
*430,3,5,2
*440,1
*450,4,3,2
*460,2,5,4
*470,1,5
*480,3,4,2
*490,3,1,2
*500,5,2,4,3
*510,2,5
*520,2,3,5
*530,1,2
*540,2,5
*550,4,1,5
*560,5,1
*570,2,5
*580,3,1
*590,2,4,3
*600,5,1,3
*610,3,2
*620,4
*630,4,1
*640,1,4
*650,2,5
*660,4,1,5
*670,1,5
*680,4,1
*690,1,2,5
*700,3,2,4
*710,5,2,1,3
*720,3,1
*730,2,4
*740,1,4
*750,2,1
*760,1,3
*770,4,5,3
*780,3,4
*790,1,3
*800,4,3
*810,3,2,4
*820,2,1
*830,5,2
*840,2,4,3
*850,2,5,3
*860,3,2
*870,1,3
*880,4,1
*890,3,5,1,4
*900,3,1
*910,2,4
*920,3,5
*930,3,5,2,1
*940,4,2,1
*950,2,3,4
*960,3,5,4
*970,2
*980,4,5,3
*990,1,3,5
*1000,4,3,5
*1010,4,1
*1020,2,1
*1030,3,4
*1040,1,5,3
*1050,1,5,2
*1060,3,2,1
*1070,2,5,4
*1080,1,4,3
*1090,4
*1100,5,2
*1110,2,5
*1120,1,2,3
*1130,1,4
*1140,5,3
*1150,4,3
*1160,5,4
*1170,5,3,2
*1180,3,5,4
*1190,3,2
*1200,4,5,1
*1210,3,2
*1220,2,1,4
*1230,1,3,4,5
*1240,5,1
*1250,3,1,4
*1260,3,1
*1270,5,1
*1280,5,3
*1290,5,1,4
*1300,1,4,5
>10,6
>20,6
>30,6
>40,6
>50,6
>60,6
>70,6
>80,6
>90,6
>100,6
>110,6
>120,6
>130,6
>140,6
>150,6
>160,6
>170,6
>180,6
>190,6
>200,6
>210,6
>220,6
>230,6
>240,6
>250,6
>260,6
>270,8
>280,8
>290,8
>300,8
>310,8
>320,8
>330,8
>340,8
>350,8
>360,8
>370,8
>380,8
>390,8
>400,8
>410,8
>420,8
>430,8
>440,8
>450,8
>460,8
>470,8
>480,8
>490,8
>500,8
>510,8
>520,8
>530,10
>540,10
>550,10
>560,10
>570,10
>580,10
>590,10
>600,10
>610,10
>620,10
>630,10
>640,10
>650,10
>660,10
>670,10
>680,10
>690,10
>700,10
>710,10
>720,10
>730,10
>740,10
>750,10
>760,10
>770,10
>780,10
>790,10
>800,10
>810,10
>820,10
>830,10
>840,10
>850,10
>860,10
>870,10
>880,10
>890,10
>900,10
>910,10
>920,12
>930,12
>940,12
>950,12
>960,12
>970,12
>980,12
>990,12
>1000,12
>1010,12
>1020,12
>1030,12
>1040,12
>1050,12
>1060,12
>1070,12
>1080,12
>1090,12
>1100,12
>1110,12
>1120,12
>1130,12
>1140,12
>1150,12
>1160,12
>1170,12
>1180,12
>1190,12
>1200,12
>1210,12
>1220,12
>1230,12
>1240,12
>1250,12
>1260,12
>1270,12
>1280,12
>1290,12
>1300,12
