10,20,30,40,50,60,70,80,90,100,110,120,130,140,150,160,170,180,190,200,210,220,230,240,250,260,270,280,290,300,310,320,330,340,350,360,370,380,390,400,410,420,430,440,450,460,470,480,490,500,510,520,530,540,550,560,570,580,590,600,610,620,630,640,650,660,670,680,690,700,710,720,730,740,750,760,770,780,790,800,810,820,830,840,850,860,870,880,890,900,910,920,930,940,950,960,970,980,990,1000,1010,1020,1030,1040,1050,1060,1070,1080,1090,1100,1110,1120,1130,1140,1150,1160,1170,1180,1190,1200,1210,1220,1230,1240,1250,1260,1270,1280,1290,1300,1310,1320,1330,1340,1350,1360,1370,1380,1390,1400
1,2,3,4,5,6,7,8,9,10,11,12,13,14,15,16,17,18,19,20,21,22,23,24,25,26,27,28,29,30,31,32,33,34,35,36,37,38,39,40,41,42,43,44,45,46,47,48,49,50,51,52,53,54,55,56,57,58,59,60,61,62,63,64,65,66,67,68,69,70,71,72,73,74,75,76,77,78,79,80,81,82,83,84,85,86,87,88,89,90,91,92,93,94,95,96,97,98,99,100,101,102,103,104,105,106,107,108,109,110,111,112,113,114,115,116,117,118,119,120,121,122,123,124,125,126,127,128,129,130,131,132,133,134,135,136,137,138,139,140
2,2,2,2,2,2,2,2,2,2,2,2,2,2,2,2,2,2,2,2,2,2,2,2,2,2,2,2,4,4,4,4,4,4,4,4,4,4,4,4,4,4,4,4,4,4,4,4,4,4,4,4,4,4,4,4,5,5,5,5,5,5,5,5,5,5,5,5,5,5,5,5,5,5,5,5,5,5,5,5,5,5,5,5,5,5,5,5,5,5,5,5,5,5,5,5,5,5,6,6,6,6,6,6,6,6,6,6,6,6,6,6,6,6,6,6,6,6,6,6,6,6,6,6,6,6,6,6,6,6,6,6,6,6,6,6,6,6,6,6
4,4,4,4,4,4,4,4,4,4,4,4,4,4,4,4,4,4,4,4,4,4,4,4,4,4,4,4,4,4,4,4,4,4,4,4,4,4,4,4,4,4,4,4,4,4,4,4,4,4,4,4,4,4,4,4,5,5,5,5,5,5,5,5,5,5,5,5,5,5,5,5,5,5,5,5,5,5,5,5,5,5,5,5,5,5,5,5,5,5,5,5,5,5,5,5,5,5,6,6,6,6,6,6,6,6,6,6,6,6,6,6,6,6,6,6,6,6,6,6,6,6,6,6,6,6,6,6,6,6,6,6,6,6,6,6,6,6,6,6
1,2,3,4,5
1
1315,1517,171930,192130
1,2,3,4,5,6,7,8,9,10
-10,1
-20,2
-30,3
-40,4
-50,5
-60,6
-70,7
-80,8
-90,9
-100,10
-110,11
-120,12
-130,13
-140,14
-150,15
-160,16
-170,17
-180,18
-190,19
-200,20
-210,21
-220,22
-230,23
-240,24
-250,25
-260,26
-270,27
-280,28
-290,29
-300,30
-310,31
-320,32
-330,33
-340,34
-350,35
-360,36
-370,37
-380,38
-390,39
-400,40
-410,41
-420,42
-430,43
-440,44
-450,45
-460,46
-470,47
-480,48
-490,49
-500,50
-510,51
-520,52
-530,53
-540,54
-550,55
-560,56
-570,57
-580,58
-590,59
-600,60
-610,61
-620,62
-630,63
-640,64
-650,65
-660,66
-670,67
-680,68
-690,69
-700,70
-710,71
-720,72
-730,73
-740,74
-750,75
-760,76
-770,77
-780,78
-790,79
-800,80
-810,81
-820,82
-830,83
-840,84
-850,85
-860,86
-870,87
-880,88
-890,89
-900,90
-910,91
-920,92
-930,93
-940,94
-950,95
-960,96
-970,97
-980,98
-990,99
-1000,100
-1010,101
-1020,102
-1030,103
-1040,104
-1050,105
-1060,106
-1070,107
-1080,108
-1090,109
-1100,110
-1110,111
-1120,112
-1130,113
-1140,114
-1150,115
-1160,116
-1170,117
-1180,118
-1190,119
-1200,120
-1210,121
-1220,122
-1230,123
-1240,124
-1250,125
-1260,126
-1270,127
-1280,128
-1290,129
-1300,130
-1310,131
-1320,132
-1330,133
-1340,134
-1350,135
-1360,136
-1370,137
-1380,138
-1390,139
-1400,140
*10,3
*20,2,4,1
*30,3,1
*40,3,4,1
*50,5,1,4
*60,2,5,1
*70,5,4,3
*80,3,1,2
*90,1,3
*100,1,3,5
*110,5,3
*120,5,2
*130,5,2,4
*140,3,4,2
*150,1,5
*160,2,4
*170,1,3
*180,4
*190,4,3,5
*200,4,3,5
*210,5,4,3
*220,2,3
*230,5,1
*240,4,2
*250,2,3
*260,4,3,1
*270,5,4,3
*280,2,4,5
*290,2,3
*300,2,3
*310,3,5
*320,2,5,1
*330,3,5
*340,2,5,1
*350,4,3
*360,4,2,1
*370,5,3,1
*380,2,3,4
*390,4,5,2
*400,3,4,1
*410,2,3
*420,2,1,3
*430,3,4
*440,3,2,5
*450,3,5
*460,2,4,1
*470,2,1,5
*480,3,1,2
*490,4,2,5,3
*500,1,5
*510,3,2
*520,1,2,4
*530,3,2,5
*540,1
*550,2,4
*560,2,1
*570,2,5,1
*580,2,1
*590,4,2
*600,3,1
*610,5,1,2
*620,3,5
*630,4,5,1
*640,3,4
*650,3,5
*660,1,3
*670,1,2,5,4
*680,3,5
*690,4,5
*700,5,2
*710,2,5
*720,5,1
*730,4
*740,5,3,2
*750,1,4,3
*760,3,2,4,5
*770,5
*780,1,5
*790,5,3,4
*800,4,1
*810,3,2
*820,2,4
*830,3,1
*840,3,4,1
*850,4,2
*860,5,4
*870,2,5
*880,1,2
*890,1,2,4
*900,1,4
*910,4,3,2
*920,3,4,5,1
*930,5
*940,4,1
*950,1
*960,4,1,5
*970,2,4
*980,2,3
*990,1,5,3
*1000,4,3,5
*1010,3,1
*1020,5,1
*1030,2,4,1
*1040,3,4
*1050,1,4
*1060,4,2
*1070,5,2
*1080,2,1
*1090,4,2
*1100,5,1
*1110,2,3
*1120,4,5
*1130,5,4,2
*1140,5,4,2,1
*1150,3,1
*1160,4,5
*1170,5,2
*1180,4,5,3
*1190,2,1
*1200,4,2,1
*1210,5
*1220,5,3
*1230,4,5,1,2
*1240,2,3,4,5
*1250,2,1,3
*1260,2,3,1
*1270,1,5
*1280,1,3
*1290,2,5
*1300,3,5
*1310,5,3
*1320,2,3,5
*1330,5,4
*1340,4,1,3
*1350,5,2,4
*1360,5,2
*1370,4,1
*1380,2,3,1
*1390,5,4
*1400,5,4,1
>10,6
>20,6
>30,6
>40,6
>50,6
>60,6
>70,6
>80,6
>90,6
>100,6
>110,6
>120,6
>130,6
>140,6
>150,6
>160,6
>170,6
>180,6
>190,6
>200,6
>210,6
>220,6
>230,6
>240,6
>250,6
>260,6
>270,6
>280,6
>290,8
>300,8
>310,8
>320,8
>330,8
>340,8
>350,8
>360,8
>370,8
>380,8
>390,8
>400,8
>410,8
>420,8
>430,8
>440,8
>450,8
>460,8
>470,8
>480,8
>490,8
>500,8
>510,8
>520,8
>530,8
>540,8
>550,8
>560,8
>570,10
>580,10
>590,10
>600,10
>610,10
>620,10
>630,10
>640,10
>650,10
>660,10
>670,10
>680,10
>690,10
>700,10
>710,10
>720,10
>730,10
>740,10
>750,10
>760,10
>770,10
>780,10
>790,10
>800,10
>810,10
>820,10
>830,10
>840,10
>850,10
>860,10
>870,10
>880,10
>890,10
>900,10
>910,10
>920,10
>930,10
>940,10
>950,10
>960,10
>970,10
>980,10
>990,12
>1000,12
>1010,12
>1020,12
>1030,12
>1040,12
>1050,12
>1060,12
>1070,12
>1080,12
>1090,12
>1100,12
>1110,12
>1120,12
>1130,12
>1140,12
>1150,12
>1160,12
>1170,12
>1180,12
>1190,12
>1200,12
>1210,12
>1220,12
>1230,12
>1240,12
>1250,12
>1260,12
>1270,12
>1280,12
>1290,12
>1300,12
>1310,12
>1320,12
>1330,12
>1340,12
>1350,12
>1360,12
>1370,12
>1380,12
>1390,12
>1400,12
