10,20,30,40,50,60,70,80,90,100,110,120,130,140,150,160,170,180,190,200,210,220,230,240,250,260,270,280,290,300,310,320,330,340,350,360,370,380,390,400,410,420,430,440,450,460,470,480,490,500,510,520,530,540,550,560,570,580,590,600,610,620,630,640,650,660,670,680,690,700,710,720,730,740,750,760,770,780,790,800,810,820,830,840,850,860,870,880,890,900,910,920,930,940,950,960,970,980,990,1000,1010,1020,1030,1040,1050,1060,1070,1080,1090,1100,1110,1120,1130,1140,1150,1160,1170,1180,1190,1200,1210,1220,1230,1240,1250,1260,1270,1280,1290,1300,1310,1320,1330,1340,1350,1360,1370,1380,1390,1400,1410,1420,1430,1440,1450,1460,1470,1480,1490,1500,1510,1520,1530,1540,1550,1560,1570,1580,1590,1600
1,2,3,4,5,6,7,8,9,10,11,12,13,14,15,16,17,18,19,20,21,22,23,24,25,26,27,28,29,30,31,32,33,34,35,36,37,38,39,40,41,42,43,44,45,46,47,48,49,50,51,52,53,54,55,56,57,58,59,60,61,62,63,64,65,66,67,68,69,70,71,72,73,74,75,76,77,78,79,80,81,82,83,84,85,86,87,88,89,90,91,92,93,94,95,96,97,98,99,100,101,102,103,104,105,106,107,108,109,110,111,112,113,114,115,116,117,118,119,120,121,122,123,124,125,126,127,128,129,130,131,132,133,134,135,136,137,138,139,140,141,142,143,144,145,146,147,148,149,150,151,152,153,154,155,156,157,158,159,160
2,2,2,2,2,2,2,2,2,2,2,2,2,2,2,2,2,2,2,2,2,2,2,2,2,2,2,2,2,2,2,2,4,4,4,4,4,4,4,4,4,4,4,4,4,4,4,4,4,4,4,4,4,4,4,4,4,4,4,4,4,4,4,4,5,5,5,5,5,5,5,5,5,5,5,5,5,5,5,5,5,5,5,5,5,5,5,5,5,5,5,5,5,5,5,5,5,5,5,5,5,5,5,5,5,5,5,5,5,5,5,5,6,6,6,6,6,6,6,6,6,6,6,6,6,6,6,6,6,6,6,6,6,6,6,6,6,6,6,6,6,6,6,6,6,6,6,6,6,6,6,6,6,6,6,6,6,6,6,6
4,4,4,4,4,4,4,4,4,4,4,4,4,4,4,4,4,4,4,4,4,4,4,4,4,4,4,4,4,4,4,4,4,4,4,4,4,4,4,4,4,4,4,4,4,4,4,4,4,4,4,4,4,4,4,4,4,4,4,4,4,4,4,4,5,5,5,5,5,5,5,5,5,5,5,5,5,5,5,5,5,5,5,5,5,5,5,5,5,5,5,5,5,5,5,5,5,5,5,5,5,5,5,5,5,5,5,5,5,5,5,5,6,6,6,6,6,6,6,6,6,6,6,6,6,6,6,6,6,6,6,6,6,6,6,6,6,6,6,6,6,6,6,6,6,6,6,6,6,6,6,6,6,6,6,6,6,6,6,6
1,2,3,4,5
1
1315,1517,171930,192130
1,2,3,4,5,6,7,8,9,10
-10,1
-20,2
-30,3
-40,4
-50,5
-60,6
-70,7
-80,8
-90,9
-100,10
-110,11
-120,12
-130,13
-140,14
-150,15
-160,16
-170,17
-180,18
-190,19
-200,20
-210,21
-220,22
-230,23
-240,24
-250,25
-260,26
-270,27
-280,28
-290,29
-300,30
-310,31
-320,32
-330,33
-340,34
-350,35
-360,36
-370,37
-380,38
-390,39
-400,40
-410,41
-420,42
-430,43
-440,44
-450,45
-460,46
-470,47
-480,48
-490,49
-500,50
-510,51
-520,52
-530,53
-540,54
-550,55
-560,56
-570,57
-580,58
-590,59
-600,60
-610,61
-620,62
-630,63
-640,64
-650,65
-660,66
-670,67
-680,68
-690,69
-700,70
-710,71
-720,72
-730,73
-740,74
-750,75
-760,76
-770,77
-780,78
-790,79
-800,80
-810,81
-820,82
-830,83
-840,84
-850,85
-860,86
-870,87
-880,88
-890,89
-900,90
-910,91
-920,92
-930,93
-940,94
-950,95
-960,96
-970,97
-980,98
-990,99
-1000,100
-1010,101
-1020,102
-1030,103
-1040,104
-1050,105
-1060,106
-1070,107
-1080,108
-1090,109
-1100,110
-1110,111
-1120,112
-1130,113
-1140,114
-1150,115
-1160,116
-1170,117
-1180,118
-1190,119
-1200,120
-1210,121
-1220,122
-1230,123
-1240,124
-1250,125
-1260,126
-1270,127
-1280,128
-1290,129
-1300,130
-1310,131
-1320,132
-1330,133
-1340,134
-1350,135
-1360,136
-1370,137
-1380,138
-1390,139
-1400,140
-1410,141
-1420,142
-1430,143
-1440,144
-1450,145
-1460,146
-1470,147
-1480,148
-1490,149
-1500,150
-1510,151
-1520,152
-1530,153
-1540,154
-1550,155
-1560,156
-1570,157
-1580,158
-1590,159
-1600,160
*10,3,2,4
*20,2
*30,1,3
*40,1,3
*50,5,1
*60,3,1
*70,1,5,2
*80,5,1
*90,1,4,2
*100,2
*110,2,4,5
*120,4,5,3
*130,3
*140,5,3,4
*150,5,3,2
*160,2,1
*170,5,3
*180,1,2,3
*190,3,1,4
*200,5,3
*210,3,4,2
*220,2
*230,1,4,2
*240,1,4
*250,3,2,1
*260,1,2
*270,2,3
*280,1,3
*290,5,2
*300,3
*310,1,2
*320,2
*330,2,5,3,1
*340,4,1
*350,2,3
*360,3,5
*370,1,4,3,2
*380,2
*390,3,4
*400,1,2
*410,1,2,5
*420,5,2
*430,1,4
*440,5,1,3
*450,4,5,1
*460,3,4
*470,5,4
*480,2,3
*490,4,2,3
*500,4,5
*510,4,5
*520,2
*530,2,1
*540,3,4
*550,4
*560,1,5,2,3
*570,5,2
*580,2,1
*590,2,4
*600,5,1
*610,4,1,2
*620,4
*630,2,4
*640,4,1
*650,5,2
*660,2,1,5
*670,3,2
*680,2,5
*690,5,3,2
*700,1,4
*710,4,3
*720,5,4,2
*730,3,2
*740,1,5
*750,4,3,2
*760,2,4
*770,2,1
*780,2,4
*790,1
*800,3
*810,3,4,2
*820,1,3
*830,3,4,1
*840,4,3
*850,1,3
*860,5,2,1
*870,3,4
*880,4,2
*890,5,3,4
*900,2
*910,3,2,1
*920,1,3
*930,3,1,4
*940,4,5
*950,1,4,2
*960,4,3,5
*970,2,3,5
*980,3,1,2
*990,1,2
*1000,3,1,5
*1010,5
*1020,4,5
*1030,5,4
*1040,3,2
*1050,1,4
*1060,2,3
*1070,5,4
*1080,5,1
*1090,1,2,5
*1100,2,3
*1110,3,5
*1120,1,4,3
*1130,4,5
*1140,2,1
*1150,2
*1160,2,5
*1170,4,2,1,3
*1180,4
*1190,5,4
*1200,4,1
*1210,3,2
*1220,1,3,5
*1230,5,1
*1240,5,4,2,3
*1250,2,5
*1260,3,1,5
*1270,3,5
*1280,5,1
*1290,4,3,1
*1300,4,3
*1310,4,5
*1320,1,2,5
*1330,4,1
*1340,4,5
*1350,5,1,2
*1360,2,4
*1370,1,2
*1380,2
*1390,5,2
*1400,2,1
*1410,2,1
*1420,1,4
*1430,1,4,2
*1440,3,5
*1450,3,1
*1460,1,3
*1470,2,4
*1480,5,1,2
*1490,4
*1500,2,4,3
*1510,1,4
*1520,2,4,3,1
*1530,4,5,1
*1540,5,2
*1550,3,2
*1560,5,4,1
*1570,2,5
*1580,5,4
*1590,4,1
*1600,4,5
>10,6
>20,6
>30,6
>40,6
>50,6
>60,6
>70,6
>80,6
>90,6
>100,6
>110,6
>120,6
>130,6
>140,6
>150,6
>160,6
>170,6
>180,6
>190,6
>200,6
>210,6
>220,6
>230,6
>240,6
>250,6
>260,6
>270,6
>280,6
>290,6
>300,6
>310,6
>320,6
>330,8
>340,8
>350,8
>360,8
>370,8
>380,8
>390,8
>400,8
>410,8
>420,8
>430,8
>440,8
>450,8
>460,8
>470,8
>480,8
>490,8
>500,8
>510,8
>520,8
>530,8
>540,8
>550,8
>560,8
>570,8
>580,8
>590,8
>600,8
>610,8
>620,8
>630,8
>640,8
>650,10
>660,10
>670,10
>680,10
>690,10
>700,10
>710,10
>720,10
>730,10
>740,10
>750,10
>760,10
>770,10
>780,10
>790,10
>800,10
>810,10
>820,10
>830,10
>840,10
>850,10
>860,10
>870,10
>880,10
>890,10
>900,10
>910,10
>920,10
>930,10
>940,10
>950,10
>960,10
>970,10
>980,10
>990,10
>1000,10
>1010,10
>1020,10
>1030,10
>1040,10
>1050,10
>1060,10
>1070,10
>1080,10
>1090,10
>1100,10
>1110,10
>1120,10
>1130,12
>1140,12
>1150,12
>1160,12
>1170,12
>1180,12
>1190,12
>1200,12
>1210,12
>1220,12
>1230,12
>1240,12
>1250,12
>1260,12
>1270,12
>1280,12
>1290,12
>1300,12
>1310,12
>1320,12
>1330,12
>1340,12
>1350,12
>1360,12
>1370,12
>1380,12
>1390,12
>1400,12
>1410,12
>1420,12
>1430,12
>1440,12
>1450,12
>1460,12
>1470,12
>1480,12
>1490,12
>1500,12
>1510,12
>1520,12
>1530,12
>1540,12
>1550,12
>1560,12
>1570,12
>1580,12
>1590,12
>1600,12
