10,20,30,40,50,60,70,80,90,100,110,120,130,140,150,160,170,180,190,200,210,220,230,240,250,260,270,280,290,300,310,320,330,340,350,360,370,380,390,400,410,420,430,440,450,460,470,480,490,500,510,520,530,540,550,560,570,580,590,600,610,620,630,640,650,660,670,680,690,700,710,720,730,740,750,760,770,780,790,800,810,820,830,840,850,860,870,880,890,900,910,920,930,940,950,960,970,980,990,1000,1010,1020,1030,1040,1050,1060,1070,1080,1090,1100,1110,1120,1130,1140,1150,1160,1170,1180,1190,1200,1210,1220,1230,1240,1250,1260,1270,1280,1290,1300,1310,1320,1330,1340,1350,1360,1370,1380,1390,1400,1410,1420,1430,1440,1450,1460,1470,1480,1490,1500,1510,1520,1530,1540,1550,1560,1570,1580,1590,1600,1610,1620,1630,1640,1650,1660,1670,1680,1690,1700,1710,1720,1730,1740,1750,1760,1770,1780,1790,1800
1,2,3,4,5,6,7,8,9,10,11,12,13,14,15,16,17,18,19,20,21,22,23,24,25,26,27,28,29,30,31,32,33,34,35,36,37,38,39,40,41,42,43,44,45,46,47,48,49,50,51,52,53,54,55,56,57,58,59,60,61,62,63,64,65,66,67,68,69,70,71,72,73,74,75,76,77,78,79,80,81,82,83,84,85,86,87,88,89,90,91,92,93,94,95,96,97,98,99,100,101,102,103,104,105,106,107,108,109,110,111,112,113,114,115,116,117,118,119,120,121,122,123,124,125,126,127,128,129,130,131,132,133,134,135,136,137,138,139,140,141,142,143,144,145,146,147,148,149,150,151,152,153,154,155,156,157,158,159,160,161,162,163,164,165,166,167,168,169,170,171,172,173,174,175,176,177,178,179,180
2,2,2,2,2,2,2,2,2,2,2,2,2,2,2,2,2,2,2,2,2,2,2,2,2,2,2,2,2,2,2,2,2,2,2,2,4,4,4,4,4,4,4,4,4,4,4,4,4,4,4,4,4,4,4,4,4,4,4,4,4,4,4,4,4,4,4,4,4,4,4,4,5,5,5,5,5,5,5,5,5,5,5,5,5,5,5,5,5,5,5,5,5,5,5,5,5,5,5,5,5,5,5,5,5,5,5,5,5,5,5,5,5,5,5,5,5,5,5,5,5,5,5,5,5,5,6,6,6,6,6,6,6,6,6,6,6,6,6,6,6,6,6,6,6,6,6,6,6,6,6,6,6,6,6,6,6,6,6,6,6,6,6,6,6,6,6,6,6,6,6,6,6,6,6,6,6,6,6,6
4,4,4,4,4,4,4,4,4,4,4,4,4,4,4,4,4,4,4,4,4,4,4,4,4,4,4,4,4,4,4,4,4,4,4,4,4,4,4,4,4,4,4,4,4,4,4,4,4,4,4,4,4,4,4,4,4,4,4,4,4,4,4,4,4,4,4,4,4,4,4,4,5,5,5,5,5,5,5,5,5,5,5,5,5,5,5,5,5,5,5,5,5,5,5,5,5,5,5,5,5,5,5,5,5,5,5,5,5,5,5,5,5,5,5,5,5,5,5,5,5,5,5,5,5,5,6,6,6,6,6,6,6,6,6,6,6,6,6,6,6,6,6,6,6,6,6,6,6,6,6,6,6,6,6,6,6,6,6,6,6,6,6,6,6,6,6,6,6,6,6,6,6,6,6,6,6,6,6,6
1,2,3,4,5
5
1315,1517,171930,192130
1,2,3,4,5,6,7,8,9,10
-10,1
-20,2
-30,3
-40,4
-50,5
-60,6
-70,7
-80,8
-90,9
-100,10
-110,11
-120,12
-130,13
-140,14
-150,15
-160,16
-170,17
-180,18
-190,19
-200,20
-210,21
-220,22
-230,23
-240,24
-250,25
-260,26
-270,27
-280,28
-290,29
-300,30
-310,31
-320,32
-330,33
-340,34
-350,35
-360,36
-370,37
-380,38
-390,39
-400,40
-410,41
-420,42
-430,43
-440,44
-450,45
-460,46
-470,47
-480,48
-490,49
-500,50
-510,51
-520,52
-530,53
-540,54
-550,55
-560,56
-570,57
-580,58
-590,59
-600,60
-610,61
-620,62
-630,63
-640,64
-650,65
-660,66
-670,67
-680,68
-690,69
-700,70
-710,71
-720,72
-730,73
-740,74
-750,75
-760,76
-770,77
-780,78
-790,79
-800,80
-810,81
-820,82
-830,83
-840,84
-850,85
-860,86
-870,87
-880,88
-890,89
-900,90
-910,91
-920,92
-930,93
-940,94
-950,95
-960,96
-970,97
-980,98
-990,99
-1000,100
-1010,101
-1020,102
-1030,103
-1040,104
-1050,105
-1060,106
-1070,107
-1080,108
-1090,109
-1100,110
-1110,111
-1120,112
-1130,113
-1140,114
-1150,115
-1160,116
-1170,117
-1180,118
-1190,119
-1200,120
-1210,121
-1220,122
-1230,123
-1240,124
-1250,125
-1260,126
-1270,127
-1280,128
-1290,129
-1300,130
-1310,131
-1320,132
-1330,133
-1340,134
-1350,135
-1360,136
-1370,137
-1380,138
-1390,139
-1400,140
-1410,141
-1420,142
-1430,143
-1440,144
-1450,145
-1460,146
-1470,147
-1480,148
-1490,149
-1500,150
-1510,151
-1520,152
-1530,153
-1540,154
-1550,155
-1560,156
-1570,157
-1580,158
-1590,159
-1600,160
-1610,161
-1620,162
-1630,163
-1640,164
-1650,165
-1660,166
-1670,167
-1680,168
-1690,169
-1700,170
-1710,171
-1720,172
-1730,173
-1740,174
-1750,175
-1760,176
-1770,177
-1780,178
-1790,179
-1800,180
*10,4,5
*20,1
*30,1,3,2
*40,1,5
*50,2
*60,2,4
*70,1,3,4
*80,4,1,5
*90,2,3
*100,4,5
*110,5,4,3
*120,3,2,1
*130,5,4,3
*140,1,5
*150,1,5,2
*160,4,5,3
*170,5,3,2,1
*180,5,3,1
*190,2,4,3
*200,3,2
*210,5,3
*220,1,3
*230,4,1,3
*240,1,3
*250,5,3
*260,3
*270,1
*280,3,5,2
*290,3,1
*300,2,4,3
*310,5,2,1
*320,1,3,5
*330,1,2,4
*340,5,1,2
*350,3,5
*360,5
*370,3,5,4
*380,5,1,3
*390,4
*400,2,4
*410,2,5,1
*420,2
*430,2,4
*440,1,5,3
*450,2,1
*460,3,5
*470,1,5,4
*480,3,5,1
*490,5,1
*500,1,5,3
*510,3
*520,3
*530,4,1,5
*540,4,3
*550,5,3
*560,3,2,1
*570,4,2
*580,5
*590,4,1
*600,1,5
*610,1,2
*620,1,4,3
*630,3,2,5
*640,5,2
*650,3,5
*660,2,4
*670,5,4,2,3
*680,4,3,1
*690,5,2
*700,4,3,1,5
*710,2,4,5
*720,5,4
*730,4,3,1
*740,2,3
*750,2,5,4,1
*760,1,5
*770,5,3,4
*780,5,2,1
*790,3,2
*800,3,1
*810,4,3
*820,3,2
*830,4,1,3
*840,2,3
*850,1,5
*860,1,4
*870,1,2
*880,5,4,2
*890,1,5
*900,5,4
*910,5,1,2
*920,1,3,5
*930,1,5
*940,1,3
*950,1,2,3
*960,5,1,3
*970,1,4,3
*980,5,1
*990,2,1,3
*1000,4,1
*1010,5,3,4
*1020,5,1,2
*1030,4,3
*1040,2,5
*1050,4,1
*1060,5,4
*1070,1,5,4
*1080,3,4,1
*1090,5,3
*1100,2
*1110,4,5
*1120,1,5
*1130,5,2,1,3
*1140,2,4
*1150,3,2,1
*1160,5,3
*1170,5,1,2
*1180,4,1
*1190,2,3,4
*1200,5
*1210,3,5
*1220,3,4,5
*1230,5,2,4
*1240,4,1
*1250,3,1
*1260,5,3
*1270,3,1
*1280,3,4
*1290,5,4
*1300,4,3
*1310,1,3,5
*1320,2,1
*1330,2,4
*1340,4,1,2
*1350,5,1,4
*1360,2,4,5
*1370,4
*1380,4,2
*1390,1,4,5
*1400,1,2,4
*1410,5,3,1
*1420,4,5
*1430,5,3,2,1
*1440,2,1,3
*1450,1,4
*1460,2,1,5,3
*1470,5,4,3
*1480,5
*1490,4,5,2
*1500,4,3,5
*1510,2,1,4
*1520,1,5,4,2
*1530,2,1,5
*1540,5,4
*1550,3,4
*1560,1,2,4
*1570,5,4
*1580,3,5
*1590,2,1
*1600,3,1,5
*1610,4,5,3
*1620,2,4
*1630,3,5,1,4
*1640,2,4,1
*1650,3,2
*1660,4,1
*1670,5,1,2
*1680,1,3
*1690,4,3
*1700,4,2
*1710,4,3
*1720,2,3
*1730,1,5,2,4
*1740,2
*1750,2,4
*1760,5,2
*1770,2,1
*1780,3,5
*1790,1,4,2
*1800,4,5
>10,6
>20,6
>30,6
>40,6
>50,6
>60,6
>70,6
>80,6
>90,6
>100,6
>110,6
>120,6
>130,6
>140,6
>150,6
>160,6
>170,6
>180,6
>190,6
>200,6
>210,6
>220,6
>230,6
>240,6
>250,6
>260,6
>270,6
>280,6
>290,6
>300,6
>310,6
>320,6
>330,6
>340,6
>350,6
>360,6
>370,8
>380,8
>390,8
>400,8
>410,8
>420,8
>430,8
>440,8
>450,8
>460,8
>470,8
>480,8
>490,8
>500,8
>510,8
>520,8
>530,8
>540,8
>550,8
>560,8
>570,8
>580,8
>590,8
>600,8
>610,8
>620,8
>630,8
>640,8
>650,8
>660,8
>670,8
>680,8
>690,8
>700,8
>710,8
>720,8
>730,10
>740,10
>750,10
>760,10
>770,10
>780,10
>790,10
>800,10
>810,10
>820,10
>830,10
>840,10
>850,10
>860,10
>870,10
>880,10
>890,10
>900,10
>910,10
>920,10
>930,10
>940,10
>950,10
>960,10
>970,10
>980,10
>990,10
>1000,10
>1010,10
>1020,10
>1030,10
>1040,10
>1050,10
>1060,10
>1070,10
>1080,10
>1090,10
>1100,10
>1110,10
>1120,10
>1130,10
>1140,10
>1150,10
>1160,10
>1170,10
>1180,10
>1190,10
>1200,10
>1210,10
>1220,10
>1230,10
>1240,10
>1250,10
>1260,10
>1270,12
>1280,12
>1290,12
>1300,12
>1310,12
>1320,12
>1330,12
>1340,12
>1350,12
>1360,12
>1370,12
>1380,12
>1390,12
>1400,12
>1410,12
>1420,12
>1430,12
>1440,12
>1450,12
>1460,12
>1470,12
>1480,12
>1490,12
>1500,12
>1510,12
>1520,12
>1530,12
>1540,12
>1550,12
>1560,12
>1570,12
>1580,12
>1590,12
>1600,12
>1610,12
>1620,12
>1630,12
>1640,12
>1650,12
>1660,12
>1670,12
>1680,12
>1690,12
>1700,12
>1710,12
>1720,12
>1730,12
>1740,12
>1750,12
>1760,12
>1770,12
>1780,12
>1790,12
>1800,12
