10,20,30,40,50,60,70,80,90,100,110,120,130,140,150,160,170,180,190,200,210,220,230,240,250,260,270,280,290,300,310,320,330,340,350,360,370,380,390,400
1,2,3,4,5,6,7,8,9,10,11,12,13,14,15,16,17,18,19,20,21,22,23,24,25,26,27,28,29,30,31,32,33,34,35,36,37,38,39,40
2,2,2,2,2,2,2,2,4,4,4,4,4,4,4,4,5,5,5,5,5,5,5,5,5,5,5,5,6,6,6,6,6,6,6,6,6,6,6,6
4,4,4,4,4,4,4,4,4,4,4,4,4,4,4,4,5,5,5,5,5,5,5,5,5,5,5,5,6,6,6,6,6,6,6,6,6,6,6,6
1,2,3,4,5
4
1315,1517,171930,192130
1,2,3,4,5,6,7,8,9,10
-10,1
-20,2
-30,3
-40,4
-50,5
-60,6
-70,7
-80,8
-90,9
-100,10
-110,11
-120,12
-130,13
-140,14
-150,15
-160,16
-170,17
-180,18
-190,19
-200,20
-210,21
-220,22
-230,23
-240,24
-250,25
-260,26
-270,27
-280,28
-290,29
-300,30
-310,31
-320,32
-330,33
-340,34
-350,35
-360,36
-370,37
-380,38
-390,39
-400,40
*10,4,3
*20,1,2
*30,4,3
*40,3
*50,1
*60,3,2,5
*70,1,3,5,4
*80,1,2,5
*90,4,2
*100,4,3,2
*110,2,3
*120,4,2
*130,2,4
*140,3,5
*150,3,4
*160,5,1
*170,5,2
*180,3,5
*190,3,4
*200,4,1
*210,3,4,5
*220,1,3,5
*230,5,2
*240,5,4
*250,1,2
*260,3,1
*270,2,3
*280,1,4
*290,5,2,3
*300,4,5
*310,4,2
*320,3,1,4
*330,1,5
*340,5,3,2
*350,4,3
*360,2,1,3
*370,4,5,3
*380,2,5
*390,5,3,4
*400,2
>10,6
>20,6
>30,6
>40,6
>50,6
>60,6
>70,6
>80,6
>90,8
>100,8
>110,8
>120,8
>130,8
>140,8
>150,8
>160,8
>170,10
>180,10
>190,10
>200,10
>210,10
>220,10
>230,10
>240,10
>250,10
>260,10
>270,10
>280,10
>290,12
>300,12
>310,12
>320,12
>330,12
>340,12
>350,12
>360,12
>370,12
>380,12
>390,12
>400,12
