10,20,30,40,50,60,70,80,90,100,110,120,130,140,150,160,170,180,190,200,210,220,230,240,250,260,270,280,290,300,310,320,330,340,350,360,370,380,390,400,410,420,430,440,450,460,470,480,490,500,510,520,530,540,550,560,570,580,590,600,610,620,630,640,650,660,670,680,690,700,710,720,730,740,750,760,770,780,790,800,810,820,830,840,850,860,870,880,890,900,910,920,930,940,950,960,970,980,990,1000,1010,1020,1030,1040,1050,1060,1070,1080,1090,1100,1110,1120,1130,1140,1150,1160,1170,1180,1190,1200,1210,1220,1230,1240,1250,1260,1270,1280,1290,1300,1310,1320,1330,1340,1350,1360,1370,1380,1390,1400,1410,1420,1430,1440,1450,1460,1470,1480,1490,1500,1510,1520,1530,1540,1550,1560,1570,1580,1590,1600,1610,1620,1630,1640,1650,1660,1670,1680,1690,1700,1710,1720,1730,1740,1750,1760,1770,1780,1790,1800,1810,1820,1830,1840,1850,1860,1870,1880,1890,1900,1910,1920,1930,1940,1950,1960,1970,1980,1990,2000,2010,2020,2030,2040,2050,2060,2070,2080,2090,2100,2110,2120,2130,2140,2150,2160,2170,2180,2190,2200,2210,2220,2230,2240,2250,2260,2270,2280,2290,2300
1,2,3,4,5,6,7,8,9,10,11,12,13,14,15,16,17,18,19,20,21,22,23,24,25,26,27,28,29,30,31,32,33,34,35,36,37,38,39,40,41,42,43,44,45,46,47,48,49,50,51,52,53,54,55,56,57,58,59,60,61,62,63,64,65,66,67,68,69,70,71,72,73,74,75,76,77,78,79,80,81,82,83,84,85,86,87,88,89,90,91,92,93,94,95,96,97,98,99,100,101,102,103,104,105,106,107,108,109,110,111,112,113,114,115,116,117,118,119,120,121,122,123,124,125,126,127,128,129,130,131,132,133,134,135,136,137,138,139,140,141,142,143,144,145,146,147,148,149,150,151,152,153,154,155,156,157,158,159,160,161,162,163,164,165,166,167,168,169,170,171,172,173,174,175,176,177,178,179,180,181,182,183,184,185,186,187,188,189,190,191,192,193,194,195,196,197,198,199,200,201,202,203,204,205,206,207,208,209,210,211,212,213,214,215,216,217,218,219,220,221,222,223,224,225,226,227,228,229,230
2,2,2,2,2,2,2,2,2,2,2,2,2,2,2,2,2,2,2,2,2,2,2,2,2,2,2,2,2,2,2,2,2,2,2,2,2,2,2,2,2,2,2,2,2,2,4,4,4,4,4,4,4,4,4,4,4,4,4,4,4,4,4,4,4,4,4,4,4,4,4,4,4,4,4,4,4,4,4,4,4,4,4,4,4,4,4,4,4,4,4,4,5,5,5,5,5,5,5,5,5,5,5,5,5,5,5,5,5,5,5,5,5,5,5,5,5,5,5,5,5,5,5,5,5,5,5,5,5,5,5,5,5,5,5,5,5,5,5,5,5,5,5,5,5,5,5,5,5,5,5,5,5,5,5,5,5,5,5,5,5,6,6,6,6,6,6,6,6,6,6,6,6,6,6,6,6,6,6,6,6,6,6,6,6,6,6,6,6,6,6,6,6,6,6,6,6,6,6,6,6,6,6,6,6,6,6,6,6,6,6,6,6,6,6,6,6,6,6,6,6,6,6,6,6,6,6,6,6,6
4,4,4,4,4,4,4,4,4,4,4,4,4,4,4,4,4,4,4,4,4,4,4,4,4,4,4,4,4,4,4,4,4,4,4,4,4,4,4,4,4,4,4,4,4,4,4,4,4,4,4,4,4,4,4,4,4,4,4,4,4,4,4,4,4,4,4,4,4,4,4,4,4,4,4,4,4,4,4,4,4,4,4,4,4,4,4,4,4,4,4,4,5,5,5,5,5,5,5,5,5,5,5,5,5,5,5,5,5,5,5,5,5,5,5,5,5,5,5,5,5,5,5,5,5,5,5,5,5,5,5,5,5,5,5,5,5,5,5,5,5,5,5,5,5,5,5,5,5,5,5,5,5,5,5,5,5,5,5,5,5,6,6,6,6,6,6,6,6,6,6,6,6,6,6,6,6,6,6,6,6,6,6,6,6,6,6,6,6,6,6,6,6,6,6,6,6,6,6,6,6,6,6,6,6,6,6,6,6,6,6,6,6,6,6,6,6,6,6,6,6,6,6,6,6,6,6,6,6,6
1,2,3,4,5
2
1315,1517,171930,192130
1,2,3,4,5,6,7,8,9,10
-10,1
-20,2
-30,3
-40,4
-50,5
-60,6
-70,7
-80,8
-90,9
-100,10
-110,11
-120,12
-130,13
-140,14
-150,15
-160,16
-170,17
-180,18
-190,19
-200,20
-210,21
-220,22
-230,23
-240,24
-250,25
-260,26
-270,27
-280,28
-290,29
-300,30
-310,31
-320,32
-330,33
-340,34
-350,35
-360,36
-370,37
-380,38
-390,39
-400,40
-410,41
-420,42
-430,43
-440,44
-450,45
-460,46
-470,47
-480,48
-490,49
-500,50
-510,51
-520,52
-530,53
-540,54
-550,55
-560,56
-570,57
-580,58
-590,59
-600,60
-610,61
-620,62
-630,63
-640,64
-650,65
-660,66
-670,67
-680,68
-690,69
-700,70
-710,71
-720,72
-730,73
-740,74
-750,75
-760,76
-770,77
-780,78
-790,79
-800,80
-810,81
-820,82
-830,83
-840,84
-850,85
-860,86
-870,87
-880,88
-890,89
-900,90
-910,91
-920,92
-930,93
-940,94
-950,95
-960,96
-970,97
-980,98
-990,99
-1000,100
-1010,101
-1020,102
-1030,103
-1040,104
-1050,105
-1060,106
-1070,107
-1080,108
-1090,109
-1100,110
-1110,111
-1120,112
-1130,113
-1140,114
-1150,115
-1160,116
-1170,117
-1180,118
-1190,119
-1200,120
-1210,121
-1220,122
-1230,123
-1240,124
-1250,125
-1260,126
-1270,127
-1280,128
-1290,129
-1300,130
-1310,131
-1320,132
-1330,133
-1340,134
-1350,135
-1360,136
-1370,137
-1380,138
-1390,139
-1400,140
-1410,141
-1420,142
-1430,143
-1440,144
-1450,145
-1460,146
-1470,147
-1480,148
-1490,149
-1500,150
-1510,151
-1520,152
-1530,153
-1540,154
-1550,155
-1560,156
-1570,157
-1580,158
-1590,159
-1600,160
-1610,161
-1620,162
-1630,163
-1640,164
-1650,165
-1660,166
-1670,167
-1680,168
-1690,169
-1700,170
-1710,171
-1720,172
-1730,173
-1740,174
-1750,175
-1760,176
-1770,177
-1780,178
-1790,179
-1800,180
-1810,181
-1820,182
-1830,183
-1840,184
-1850,185
-1860,186
-1870,187
-1880,188
-1890,189
-1900,190
-1910,191
-1920,192
-1930,193
-1940,194
-1950,195
-1960,196
-1970,197
-1980,198
-1990,199
-2000,200
-2010,201
-2020,202
-2030,203
-2040,204
-2050,205
-2060,206
-2070,207
-2080,208
-2090,209
-2100,210
-2110,211
-2120,212
-2130,213
-2140,214
-2150,215
-2160,216
-2170,217
-2180,218
-2190,219
-2200,220
-2210,221
-2220,222
-2230,223
-2240,224
-2250,225
-2260,226
-2270,227
-2280,228
-2290,229
-2300,230
*10,5
*20,5,2
*30,5,3,1
*40,3,4
*50,5,1
*60,2,1
*70,4,2,5
*80,3,5
*90,1,2,3
*100,3,5,1
*110,1
*120,3,1,5
*130,1,4
*140,2,4,1
*150,2,5,3
*160,4,1,2
*170,4,3
*180,4,3
*190,5,1,3
*200,2,1
*210,2,3,5
*220,4,1
*230,3,5,1
*240,1,3
*250,3,4
*260,4,1,2
*270,4,3,1,2
*280,4,1
*290,1,2
*300,5,1
*310,2,3,4
*320,4,5
*330,3,1
*340,2,1
*350,3,2,1
*360,2,4,1,5
*370,2,3
*380,4,5
*390,4,5
*400,5,1
*410,3,1
*420,3,4
*430,5,4
*440,3,2
*450,4,2,3
*460,2,4,1,3
*470,5,2
*480,5,3,4
*490,3,4
*500,2,5
*510,1,4,2
*520,1,3
*530,4,2
*540,3,4
*550,1,4,2
*560,5,4
*570,3,2,5
*580,5,4
*590,5,1,2
*600,5,2,1
*610,4,3
*620,4,3
*630,2
*640,2,3
*650,1,4
*660,1,2
*670,2,3,5
*680,1,2
*690,5,3,1
*700,3,1
*710,4,2
*720,4,1,2
*730,3,4,1
*740,3,2
*750,4,1,2
*760,2,5
*770,4,3,1
*780,5,1
*790,3,2,1
*800,3,1
*810,2,3
*820,5,4,1
*830,1,5,2
*840,2,5,4
*850,3,1,5
*860,1,5
*870,2,3,5
*880,2,3,1,4
*890,5,4
*900,5,1
*910,5,4
*920,4,3
*930,5,4,1
*940,5
*950,2
*960,1,3,2
*970,2,4
*980,1,3
*990,2,3
*1000,5,1
*1010,4,1
*1020,4,3
*1030,4,3,1
*1040,1
*1050,1,2,4
*1060,1,2,3
*1070,4,5,3
*1080,2,3
*1090,3,1,5
*1100,5,2
*1110,3,5
*1120,5,1,4
*1130,5,2
*1140,1,2
*1150,2,1
*1160,4,5
*1170,5,3,1
*1180,4
*1190,3,2
*1200,2,3,1
*1210,3,2,1
*1220,1,3,4
*1230,2,1
*1240,2,3
*1250,5,3
*1260,5,2
*1270,3,1,2
*1280,1,5,2
*1290,4,3,2
*1300,3
*1310,1,4,2
*1320,2,3
*1330,5,2,3
*1340,1,3
*1350,4,3
*1360,5,4,2,3
*1370,4,3
*1380,3,5
*1390,3,1
*1400,3
*1410,2,3
*1420,3,5
*1430,1,2,3
*1440,4,3
*1450,3,5
*1460,5
*1470,4
*1480,1,3
*1490,3,4,5
*1500,3,4,5
*1510,4,2,5
*1520,3,5
*1530,2,4
*1540,3,5
*1550,5,4,2,1
*1560,4,5,1,3
*1570,1,2
*1580,2,5
*1590,4,1,3
*1600,3,4
*1610,3,4,5
*1620,5,4
*1630,3,4
*1640,4,3
*1650,4,5,1
*1660,3,4
*1670,3,5,4
*1680,5,4,2,3
*1690,3,4
*1700,3,2
*1710,2,5,1
*1720,2
*1730,1,4,2
*1740,2
*1750,1,5
*1760,5,1,2,3
*1770,1,2,3
*1780,1,2
*1790,1,4,2
*1800,4,3,2
*1810,1,3
*1820,3,2,1
*1830,2,3
*1840,4,2,3
*1850,5,4
*1860,5,4
*1870,2
*1880,3,1,2
*1890,5,1
*1900,3,4,5
*1910,3,4,2
*1920,2,1,3
*1930,4,1
*1940,3,2
*1950,4,2
*1960,3
*1970,3,4
*1980,2,1,3
*1990,3,5,2,4
*2000,3,2
*2010,1,5
*2020,1,4
*2030,2,3
*2040,3,5
*2050,5
*2060,2,1,4
*2070,5,3,1
*2080,4,5,1
*2090,3,1
*2100,3,1,2
*2110,4,5,2
*2120,1,2
*2130,1,3
*2140,4,5,2
*2150,5,4,2,3
*2160,4
*2170,1
*2180,5,4
*2190,5,4
*2200,2,5,3
*2210,2,5,3
*2220,5,3
*2230,4,2
*2240,3,2,1
*2250,2,3
*2260,3,5,2
*2270,4,3,1
*2280,4,3,5
*2290,3,4,2
*2300,2,5,4
>10,6
>20,6
>30,6
>40,6
>50,6
>60,6
>70,6
>80,6
>90,6
>100,6
>110,6
>120,6
>130,6
>140,6
>150,6
>160,6
>170,6
>180,6
>190,6
>200,6
>210,6
>220,6
>230,6
>240,6
>250,6
>260,6
>270,6
>280,6
>290,6
>300,6
>310,6
>320,6
>330,6
>340,6
>350,6
>360,6
>370,6
>380,6
>390,6
>400,6
>410,6
>420,6
>430,6
>440,6
>450,6
>460,6
>470,8
>480,8
>490,8
>500,8
>510,8
>520,8
>530,8
>540,8
>550,8
>560,8
>570,8
>580,8
>590,8
>600,8
>610,8
>620,8
>630,8
>640,8
>650,8
>660,8
>670,8
>680,8
>690,8
>700,8
>710,8
>720,8
>730,8
>740,8
>750,8
>760,8
>770,8
>780,8
>790,8
>800,8
>810,8
>820,8
>830,8
>840,8
>850,8
>860,8
>870,8
>880,8
>890,8
>900,8
>910,8
>920,8
>930,10
>940,10
>950,10
>960,10
>970,10
>980,10
>990,10
>1000,10
>1010,10
>1020,10
>1030,10
>1040,10
>1050,10
>1060,10
>1070,10
>1080,10
>1090,10
>1100,10
>1110,10
>1120,10
>1130,10
>1140,10
>1150,10
>1160,10
>1170,10
>1180,10
>1190,10
>1200,10
>1210,10
>1220,10
>1230,10
>1240,10
>1250,10
>1260,10
>1270,10
>1280,10
>1290,10
>1300,10
>1310,10
>1320,10
>1330,10
>1340,10
>1350,10
>1360,10
>1370,10
>1380,10
>1390,10
>1400,10
>1410,10
>1420,10
>1430,10
>1440,10
>1450,10
>1460,10
>1470,10
>1480,10
>1490,10
>1500,10
>1510,10
>1520,10
>1530,10
>1540,10
>1550,10
>1560,10
>1570,10
>1580,10
>1590,10
>1600,10
>1610,10
>1620,12
>1630,12
>1640,12
>1650,12
>1660,12
>1670,12
>1680,12
>1690,12
>1700,12
>1710,12
>1720,12
>1730,12
>1740,12
>1750,12
>1760,12
>1770,12
>1780,12
>1790,12
>1800,12
>1810,12
>1820,12
>1830,12
>1840,12
>1850,12
>1860,12
>1870,12
>1880,12
>1890,12
>1900,12
>1910,12
>1920,12
>1930,12
>1940,12
>1950,12
>1960,12
>1970,12
>1980,12
>1990,12
>2000,12
>2010,12
>2020,12
>2030,12
>2040,12
>2050,12
>2060,12
>2070,12
>2080,12
>2090,12
>2100,12
>2110,12
>2120,12
>2130,12
>2140,12
>2150,12
>2160,12
>2170,12
>2180,12
>2190,12
>2200,12
>2210,12
>2220,12
>2230,12
>2240,12
>2250,12
>2260,12
>2270,12
>2280,12
>2290,12
>2300,12
