10,20,30,40,50,60,70,80,90,100,110,120,130,140,150,160,170,180,190,200,210,220,230,240,250,260,270,280,290,300,310,320,330,340,350,360,370,380,390,400,410,420,430,440,450,460,470,480,490,500,510,520,530,540,550,560,570,580,590,600,610,620,630,640,650,660,670,680,690,700,710,720,730,740,750,760,770,780,790,800,810,820,830,840,850,860,870,880,890,900,910,920,930,940,950,960,970,980,990,1000,1010,1020,1030,1040,1050,1060,1070,1080,1090,1100,1110,1120,1130,1140,1150,1160,1170,1180,1190,1200,1210,1220,1230,1240,1250,1260,1270,1280,1290,1300,1310,1320,1330,1340,1350,1360,1370,1380,1390,1400,1410,1420,1430,1440,1450,1460,1470,1480,1490,1500,1510,1520,1530,1540,1550,1560,1570,1580,1590,1600,1610,1620,1630,1640,1650,1660,1670,1680,1690,1700,1710,1720,1730,1740,1750,1760,1770,1780,1790,1800,1810,1820,1830,1840,1850,1860,1870,1880,1890,1900,1910,1920,1930,1940,1950,1960,1970,1980,1990,2000,2010,2020,2030,2040,2050,2060,2070,2080,2090,2100,2110,2120,2130,2140,2150,2160,2170,2180,2190,2200,2210,2220,2230,2240,2250,2260,2270,2280,2290,2300,2310,2320,2330,2340,2350,2360,2370,2380,2390,2400,2410,2420,2430,2440,2450,2460,2470,2480,2490,2500,2510,2520,2530,2540,2550,2560,2570,2580,2590,2600
1,2,3,4,5,6,7,8,9,10,11,12,13,14,15,16,17,18,19,20,21,22,23,24,25,26,27,28,29,30,31,32,33,34,35,36,37,38,39,40,41,42,43,44,45,46,47,48,49,50,51,52,53,54,55,56,57,58,59,60,61,62,63,64,65,66,67,68,69,70,71,72,73,74,75,76,77,78,79,80,81,82,83,84,85,86,87,88,89,90,91,92,93,94,95,96,97,98,99,100,101,102,103,104,105,106,107,108,109,110,111,112,113,114,115,116,117,118,119,120,121,122,123,124,125,126,127,128,129,130,131,132,133,134,135,136,137,138,139,140,141,142,143,144,145,146,147,148,149,150,151,152,153,154,155,156,157,158,159,160,161,162,163,164,165,166,167,168,169,170,171,172,173,174,175,176,177,178,179,180,181,182,183,184,185,186,187,188,189,190,191,192,193,194,195,196,197,198,199,200,201,202,203,204,205,206,207,208,209,210,211,212,213,214,215,216,217,218,219,220,221,222,223,224,225,226,227,228,229,230,231,232,233,234,235,236,237,238,239,240,241,242,243,244,245,246,247,248,249,250,251,252,253,254,255,256,257,258,259,260
2,2,2,2,2,2,2,2,2,2,2,2,2,2,2,2,2,2,2,2,2,2,2,2,2,2,2,2,2,2,2,2,2,2,2,2,2,2,2,2,2,2,2,2,2,2,2,2,2,2,2,2,4,4,4,4,4,4,4,4,4,4,4,4,4,4,4,4,4,4,4,4,4,4,4,4,4,4,4,4,4,4,4,4,4,4,4,4,4,4,4,4,4,4,4,4,4,4,4,4,4,4,4,4,5,5,5,5,5,5,5,5,5,5,5,5,5,5,5,5,5,5,5,5,5,5,5,5,5,5,5,5,5,5,5,5,5,5,5,5,5,5,5,5,5,5,5,5,5,5,5,5,5,5,5,5,5,5,5,5,5,5,5,5,5,5,5,5,5,5,5,5,5,5,5,5,5,5,5,5,5,5,6,6,6,6,6,6,6,6,6,6,6,6,6,6,6,6,6,6,6,6,6,6,6,6,6,6,6,6,6,6,6,6,6,6,6,6,6,6,6,6,6,6,6,6,6,6,6,6,6,6,6,6,6,6,6,6,6,6,6,6,6,6,6,6,6,6,6,6,6,6,6,6,6,6,6,6,6,6
4,4,4,4,4,4,4,4,4,4,4,4,4,4,4,4,4,4,4,4,4,4,4,4,4,4,4,4,4,4,4,4,4,4,4,4,4,4,4,4,4,4,4,4,4,4,4,4,4,4,4,4,4,4,4,4,4,4,4,4,4,4,4,4,4,4,4,4,4,4,4,4,4,4,4,4,4,4,4,4,4,4,4,4,4,4,4,4,4,4,4,4,4,4,4,4,4,4,4,4,4,4,4,4,5,5,5,5,5,5,5,5,5,5,5,5,5,5,5,5,5,5,5,5,5,5,5,5,5,5,5,5,5,5,5,5,5,5,5,5,5,5,5,5,5,5,5,5,5,5,5,5,5,5,5,5,5,5,5,5,5,5,5,5,5,5,5,5,5,5,5,5,5,5,5,5,5,5,5,5,5,5,6,6,6,6,6,6,6,6,6,6,6,6,6,6,6,6,6,6,6,6,6,6,6,6,6,6,6,6,6,6,6,6,6,6,6,6,6,6,6,6,6,6,6,6,6,6,6,6,6,6,6,6,6,6,6,6,6,6,6,6,6,6,6,6,6,6,6,6,6,6,6,6,6,6,6,6,6,6
1,2,3,4,5
4
1315,1517,171930,192130
1,2,3,4,5,6,7,8,9,10
-10,1
-20,2
-30,3
-40,4
-50,5
-60,6
-70,7
-80,8
-90,9
-100,10
-110,11
-120,12
-130,13
-140,14
-150,15
-160,16
-170,17
-180,18
-190,19
-200,20
-210,21
-220,22
-230,23
-240,24
-250,25
-260,26
-270,27
-280,28
-290,29
-300,30
-310,31
-320,32
-330,33
-340,34
-350,35
-360,36
-370,37
-380,38
-390,39
-400,40
-410,41
-420,42
-430,43
-440,44
-450,45
-460,46
-470,47
-480,48
-490,49
-500,50
-510,51
-520,52
-530,53
-540,54
-550,55
-560,56
-570,57
-580,58
-590,59
-600,60
-610,61
-620,62
-630,63
-640,64
-650,65
-660,66
-670,67
-680,68
-690,69
-700,70
-710,71
-720,72
-730,73
-740,74
-750,75
-760,76
-770,77
-780,78
-790,79
-800,80
-810,81
-820,82
-830,83
-840,84
-850,85
-860,86
-870,87
-880,88
-890,89
-900,90
-910,91
-920,92
-930,93
-940,94
-950,95
-960,96
-970,97
-980,98
-990,99
-1000,100
-1010,101
-1020,102
-1030,103
-1040,104
-1050,105
-1060,106
-1070,107
-1080,108
-1090,109
-1100,110
-1110,111
-1120,112
-1130,113
-1140,114
-1150,115
-1160,116
-1170,117
-1180,118
-1190,119
-1200,120
-1210,121
-1220,122
-1230,123
-1240,124
-1250,125
-1260,126
-1270,127
-1280,128
-1290,129
-1300,130
-1310,131
-1320,132
-1330,133
-1340,134
-1350,135
-1360,136
-1370,137
-1380,138
-1390,139
-1400,140
-1410,141
-1420,142
-1430,143
-1440,144
-1450,145
-1460,146
-1470,147
-1480,148
-1490,149
-1500,150
-1510,151
-1520,152
-1530,153
-1540,154
-1550,155
-1560,156
-1570,157
-1580,158
-1590,159
-1600,160
-1610,161
-1620,162
-1630,163
-1640,164
-1650,165
-1660,166
-1670,167
-1680,168
-1690,169
-1700,170
-1710,171
-1720,172
-1730,173
-1740,174
-1750,175
-1760,176
-1770,177
-1780,178
-1790,179
-1800,180
-1810,181
-1820,182
-1830,183
-1840,184
-1850,185
-1860,186
-1870,187
-1880,188
-1890,189
-1900,190
-1910,191
-1920,192
-1930,193
-1940,194
-1950,195
-1960,196
-1970,197
-1980,198
-1990,199
-2000,200
-2010,201
-2020,202
-2030,203
-2040,204
-2050,205
-2060,206
-2070,207
-2080,208
-2090,209
-2100,210
-2110,211
-2120,212
-2130,213
-2140,214
-2150,215
-2160,216
-2170,217
-2180,218
-2190,219
-2200,220
-2210,221
-2220,222
-2230,223
-2240,224
-2250,225
-2260,226
-2270,227
-2280,228
-2290,229
-2300,230
-2310,231
-2320,232
-2330,233
-2340,234
-2350,235
-2360,236
-2370,237
-2380,238
-2390,239
-2400,240
-2410,241
-2420,242
-2430,243
-2440,244
-2450,245
-2460,246
-2470,247
-2480,248
-2490,249
-2500,250
-2510,251
-2520,252
-2530,253
-2540,254
-2550,255
-2560,256
-2570,257
-2580,258
-2590,259
-2600,260
*10,4,2,1,5
*20,3
*30,2,5
*40,2,4,3
*50,2,5,4
*60,1,3
*70,4,2,3
*80,5,4
*90,5,1
*100,1,4,5,2
*110,2,5,4,1
*120,2,5,4
*130,1,4
*140,5,4,2
*150,5,4,2
*160,2,3,5
*170,4,3,5
*180,4,3
*190,2,3
*200,4,5,1
*210,5,1,3
*220,3,5,4
*230,4,5
*240,1,5
*250,4,5
*260,2,1,5
*270,2,3,5
*280,1,3
*290,3,2
*300,3,1,5
*310,3,4
*320,5
*330,3,4
*340,5
*350,5,3
*360,1,2,4,5
*370,3,1,2
*380,3,4
*390,5,3
*400,1,2,3,5
*410,1,4
*420,2,5
*430,2,4,3,5
*440,4,5
*450,4,3
*460,5,4,1
*470,3
*480,1
*490,4,5,3,1
*500,5,3,2
*510,1,5
*520,5,3
*530,4,3,1
*540,3,4,1
*550,3,2,5
*560,4,5,3
*570,2,4
*580,2,1
*590,4,3
*600,5,4
*610,3
*620,4,2
*630,4,3,2
*640,2,3,1
*650,2,5,4
*660,3
*670,4,3,2
*680,3,1
*690,1,4,3
*700,3,1,2
*710,4
*720,2,5,3
*730,3,2,1,5
*740,5,4
*750,4
*760,2,1
*770,4,5,1
*780,2,4
*790,1,4
*800,5,1
*810,2,4,5
*820,1,5,3
*830,5,2,4,3
*840,4,1
*850,4,5,1
*860,3,4
*870,5,2,3
*880,2,1,4,3
*890,4,2
*900,4,2,5
*910,4,3,2
*920,1,2
*930,1,3,5,2
*940,3,1
*950,2
*960,4,2,3
*970,1,5,4
*980,5,2
*990,4,3,2
*1000,1,2
*1010,5,3
*1020,4,5
*1030,2,1,4
*1040,4,1
*1050,5,3,1,2
*1060,1,3,2
*1070,2,4
*1080,4,3,5
*1090,2,1,5
*1100,1,3
*1110,5,1
*1120,4
*1130,4,3
*1140,1
*1150,1,5
*1160,5,2,4
*1170,1,3
*1180,1,2
*1190,3,5,1
*1200,3,1
*1210,5,3,4
*1220,1,4
*1230,1,3
*1240,2,3
*1250,4,5,2,3
*1260,5,3,2
*1270,1,3
*1280,5,1,2,3
*1290,1,5,2
*1300,3,2
*1310,4,5,3
*1320,2,5
*1330,2,3,5
*1340,2
*1350,1
*1360,2,3
*1370,5,2
*1380,2,5,4
*1390,3,1,5
*1400,2,1,3,5
*1410,4,3
*1420,5,3,1
*1430,3,4,1
*1440,3,5,4,1
*1450,5,2
*1460,4,3
*1470,5,4
*1480,5,3,2,4
*1490,1,3
*1500,4,3
*1510,2,4,3
*1520,5,2
*1530,4,3,2
*1540,1,4,3,5
*1550,3,1,4
*1560,1,5,2
*1570,2,3
*1580,1,3
*1590,2,3
*1600,4,2,1
*1610,2,1,3
*1620,2,4
*1630,5,2,1
*1640,1,4,5,3
*1650,4,1,3,5
*1660,2,1,5
*1670,5,1,4
*1680,5,3,2
*1690,3,4
*1700,3,1,4
*1710,3,2,1
*1720,4,1,5
*1730,4,1
*1740,4,3
*1750,4,5,3
*1760,1,2,3
*1770,3,5,1
*1780,3,4,1,5
*1790,4,5
*1800,3,1
*1810,3,5,1
*1820,1,3,5
*1830,4,5
*1840,2,1
*1850,1,5,2
*1860,5,1
*1870,4,2
*1880,1,4,3
*1890,1,5,3
*1900,2,1,3
*1910,5,3,2
*1920,5,2,1
*1930,2,5
*1940,3,1,4
*1950,5,2
*1960,5,2,4
*1970,1,5,3
*1980,4,2,3
*1990,1
*2000,1,5
*2010,3,5
*2020,5,2,1
*2030,1,4
*2040,3,2
*2050,2
*2060,1,2
*2070,2,1
*2080,4,1
*2090,5,3,1
*2100,2,4,3
*2110,5,2
*2120,3,5,2
*2130,4,3
*2140,1,5
*2150,1,2,5
*2160,5,1
*2170,2,4
*2180,1,3,4,2
*2190,5,3
*2200,1,2
*2210,1,4,3
*2220,1,2
*2230,2,3,1
*2240,4,2,3
*2250,3,2,4
*2260,2,3,5
*2270,4
*2280,5,1
*2290,4,2,1
*2300,1,5,4
*2310,1,3,2
*2320,4,2,3
*2330,1,5
*2340,3,5,2
*2350,1,2
*2360,2,1,3
*2370,1,3,4
*2380,3
*2390,1,2,4
*2400,4,1
*2410,5,1
*2420,2,5
*2430,2,1
*2440,5,1
*2450,4,1
*2460,4,1
*2470,1,3
*2480,5,1
*2490,4,5,1,2
*2500,2,4,1
*2510,4,1,2
*2520,4,1,3
*2530,3,1,2
*2540,2,1
*2550,5,1,4
*2560,2
*2570,1,5,3
*2580,3,4
*2590,1,4
*2600,1,2
>10,6
>20,6
>30,6
>40,6
>50,6
>60,6
>70,6
>80,6
>90,6
>100,6
>110,6
>120,6
>130,6
>140,6
>150,6
>160,6
>170,6
>180,6
>190,6
>200,6
>210,6
>220,6
>230,6
>240,6
>250,6
>260,6
>270,6
>280,6
>290,6
>300,6
>310,6
>320,6
>330,6
>340,6
>350,6
>360,6
>370,6
>380,6
>390,6
>400,6
>410,6
>420,6
>430,6
>440,6
>450,6
>460,6
>470,6
>480,6
>490,6
>500,6
>510,6
>520,6
>530,8
>540,8
>550,8
>560,8
>570,8
>580,8
>590,8
>600,8
>610,8
>620,8
>630,8
>640,8
>650,8
>660,8
>670,8
>680,8
>690,8
>700,8
>710,8
>720,8
>730,8
>740,8
>750,8
>760,8
>770,8
>780,8
>790,8
>800,8
>810,8
>820,8
>830,8
>840,8
>850,8
>860,8
>870,8
>880,8
>890,8
>900,8
>910,8
>920,8
>930,8
>940,8
>950,8
>960,8
>970,8
>980,8
>990,8
>1000,8
>1010,8
>1020,8
>1030,8
>1040,8
>1050,10
>1060,10
>1070,10
>1080,10
>1090,10
>1100,10
>1110,10
>1120,10
>1130,10
>1140,10
>1150,10
>1160,10
>1170,10
>1180,10
>1190,10
>1200,10
>1210,10
>1220,10
>1230,10
>1240,10
>1250,10
>1260,10
>1270,10
>1280,10
>1290,10
>1300,10
>1310,10
>1320,10
>1330,10
>1340,10
>1350,10
>1360,10
>1370,10
>1380,10
>1390,10
>1400,10
>1410,10
>1420,10
>1430,10
>1440,10
>1450,10
>1460,10
>1470,10
>1480,10
>1490,10
>1500,10
>1510,10
>1520,10
>1530,10
>1540,10
>1550,10
>1560,10
>1570,10
>1580,10
>1590,10
>1600,10
>1610,10
>1620,10
>1630,10
>1640,10
>1650,10
>1660,10
>1670,10
>1680,10
>1690,10
>1700,10
>1710,10
>1720,10
>1730,10
>1740,10
>1750,10
>1760,10
>1770,10
>1780,10
>1790,10
>1800,10
>1810,10
>1820,10
>1830,12
>1840,12
>1850,12
>1860,12
>1870,12
>1880,12
>1890,12
>1900,12
>1910,12
>1920,12
>1930,12
>1940,12
>1950,12
>1960,12
>1970,12
>1980,12
>1990,12
>2000,12
>2010,12
>2020,12
>2030,12
>2040,12
>2050,12
>2060,12
>2070,12
>2080,12
>2090,12
>2100,12
>2110,12
>2120,12
>2130,12
>2140,12
>2150,12
>2160,12
>2170,12
>2180,12
>2190,12
>2200,12
>2210,12
>2220,12
>2230,12
>2240,12
>2250,12
>2260,12
>2270,12
>2280,12
>2290,12
>2300,12
>2310,12
>2320,12
>2330,12
>2340,12
>2350,12
>2360,12
>2370,12
>2380,12
>2390,12
>2400,12
>2410,12
>2420,12
>2430,12
>2440,12
>2450,12
>2460,12
>2470,12
>2480,12
>2490,12
>2500,12
>2510,12
>2520,12
>2530,12
>2540,12
>2550,12
>2560,12
>2570,12
>2580,12
>2590,12
>2600,12
