10,20,30,40,50,60,70,80,90,100,110,120,130,140,150,160,170,180,190,200,210,220,230,240,250,260,270,280,290,300,310,320,330,340,350,360,370,380,390,400,410,420,430,440,450,460,470,480,490,500,510,520,530,540,550,560,570,580,590,600,610,620,630,640,650,660,670,680,690,700,710,720,730,740,750,760,770,780,790,800,810,820,830,840,850,860,870,880,890,900,910,920,930,940,950,960,970,980,990,1000,1010,1020,1030,1040,1050,1060,1070,1080,1090,1100,1110,1120,1130,1140,1150,1160,1170,1180,1190,1200,1210,1220,1230,1240,1250,1260,1270,1280,1290,1300,1310,1320,1330,1340,1350,1360,1370,1380,1390,1400,1410,1420,1430,1440,1450,1460,1470,1480,1490,1500,1510,1520,1530,1540,1550,1560,1570,1580,1590,1600,1610,1620,1630,1640,1650,1660,1670,1680,1690,1700,1710,1720,1730,1740,1750,1760,1770,1780,1790,1800,1810,1820,1830,1840,1850,1860,1870,1880,1890,1900,1910,1920,1930,1940,1950,1960,1970,1980,1990,2000,2010,2020,2030,2040,2050,2060,2070,2080,2090,2100,2110,2120,2130,2140,2150,2160,2170,2180,2190,2200,2210,2220,2230,2240,2250,2260,2270,2280,2290,2300,2310,2320,2330,2340,2350,2360,2370,2380,2390,2400,2410,2420,2430,2440,2450,2460,2470,2480,2490,2500,2510,2520,2530,2540,2550,2560,2570,2580,2590,2600,2610,2620,2630,2640,2650,2660,2670,2680,2690,2700,2710,2720,2730,2740,2750,2760,2770,2780,2790,2800,2810,2820,2830,2840,2850,2860,2870,2880,2890,2900,2910,2920,2930,2940,2950,2960,2970,2980,2990,3000,3010,3020,3030,3040,3050,3060,3070,3080,3090,3100
1,2,3,4,5,6,7,8,9,10,11,12,13,14,15,16,17,18,19,20,21,22,23,24,25,26,27,28,29,30,31,32,33,34,35,36,37,38,39,40,41,42,43,44,45,46,47,48,49,50,51,52,53,54,55,56,57,58,59,60,61,62,63,64,65,66,67,68,69,70,71,72,73,74,75,76,77,78,79,80,81,82,83,84,85,86,87,88,89,90,91,92,93,94,95,96,97,98,99,100,101,102,103,104,105,106,107,108,109,110,111,112,113,114,115,116,117,118,119,120,121,122,123,124,125,126,127,128,129,130,131,132,133,134,135,136,137,138,139,140,141,142,143,144,145,146,147,148,149,150,151,152,153,154,155,156,157,158,159,160,161,162,163,164,165,166,167,168,169,170,171,172,173,174,175,176,177,178,179,180,181,182,183,184,185,186,187,188,189,190,191,192,193,194,195,196,197,198,199,200,201,202,203,204,205,206,207,208,209,210,211,212,213,214,215,216,217,218,219,220,221,222,223,224,225,226,227,228,229,230,231,232,233,234,235,236,237,238,239,240,241,242,243,244,245,246,247,248,249,250,251,252,253,254,255,256,257,258,259,260,261,262,263,264,265,266,267,268,269,270,271,272,273,274,275,276,277,278,279,280,281,282,283,284,285,286,287,288,289,290,291,292,293,294,295,296,297,298,299,300,301,302,303,304,305,306,307,308,309,310
2,2,2,2,2,2,2,2,2,2,2,2,2,2,2,2,2,2,2,2,2,2,2,2,2,2,2,2,2,2,2,2,2,2,2,2,2,2,2,2,2,2,2,2,2,2,2,2,2,2,2,2,2,2,2,2,2,2,2,2,2,2,4,4,4,4,4,4,4,4,4,4,4,4,4,4,4,4,4,4,4,4,4,4,4,4,4,4,4,4,4,4,4,4,4,4,4,4,4,4,4,4,4,4,4,4,4,4,4,4,4,4,4,4,4,4,4,4,4,4,4,4,4,4,5,5,5,5,5,5,5,5,5,5,5,5,5,5,5,5,5,5,5,5,5,5,5,5,5,5,5,5,5,5,5,5,5,5,5,5,5,5,5,5,5,5,5,5,5,5,5,5,5,5,5,5,5,5,5,5,5,5,5,5,5,5,5,5,5,5,5,5,5,5,5,5,5,5,5,5,5,5,5,5,5,5,5,5,5,5,5,5,5,5,5,5,5,6,6,6,6,6,6,6,6,6,6,6,6,6,6,6,6,6,6,6,6,6,6,6,6,6,6,6,6,6,6,6,6,6,6,6,6,6,6,6,6,6,6,6,6,6,6,6,6,6,6,6,6,6,6,6,6,6,6,6,6,6,6,6,6,6,6,6,6,6,6,6,6,6,6,6,6,6,6,6,6,6,6,6,6,6,6,6,6,6,6,6,6,6
4,4,4,4,4,4,4,4,4,4,4,4,4,4,4,4,4,4,4,4,4,4,4,4,4,4,4,4,4,4,4,4,4,4,4,4,4,4,4,4,4,4,4,4,4,4,4,4,4,4,4,4,4,4,4,4,4,4,4,4,4,4,4,4,4,4,4,4,4,4,4,4,4,4,4,4,4,4,4,4,4,4,4,4,4,4,4,4,4,4,4,4,4,4,4,4,4,4,4,4,4,4,4,4,4,4,4,4,4,4,4,4,4,4,4,4,4,4,4,4,4,4,4,4,5,5,5,5,5,5,5,5,5,5,5,5,5,5,5,5,5,5,5,5,5,5,5,5,5,5,5,5,5,5,5,5,5,5,5,5,5,5,5,5,5,5,5,5,5,5,5,5,5,5,5,5,5,5,5,5,5,5,5,5,5,5,5,5,5,5,5,5,5,5,5,5,5,5,5,5,5,5,5,5,5,5,5,5,5,5,5,5,5,5,5,5,5,6,6,6,6,6,6,6,6,6,6,6,6,6,6,6,6,6,6,6,6,6,6,6,6,6,6,6,6,6,6,6,6,6,6,6,6,6,6,6,6,6,6,6,6,6,6,6,6,6,6,6,6,6,6,6,6,6,6,6,6,6,6,6,6,6,6,6,6,6,6,6,6,6,6,6,6,6,6,6,6,6,6,6,6,6,6,6,6,6,6,6,6,6
1,2,3,4,5
5
1315,1517,171930,192130
1,2,3,4,5,6,7,8,9,10
-10,1
-20,2
-30,3
-40,4
-50,5
-60,6
-70,7
-80,8
-90,9
-100,10
-110,11
-120,12
-130,13
-140,14
-150,15
-160,16
-170,17
-180,18
-190,19
-200,20
-210,21
-220,22
-230,23
-240,24
-250,25
-260,26
-270,27
-280,28
-290,29
-300,30
-310,31
-320,32
-330,33
-340,34
-350,35
-360,36
-370,37
-380,38
-390,39
-400,40
-410,41
-420,42
-430,43
-440,44
-450,45
-460,46
-470,47
-480,48
-490,49
-500,50
-510,51
-520,52
-530,53
-540,54
-550,55
-560,56
-570,57
-580,58
-590,59
-600,60
-610,61
-620,62
-630,63
-640,64
-650,65
-660,66
-670,67
-680,68
-690,69
-700,70
-710,71
-720,72
-730,73
-740,74
-750,75
-760,76
-770,77
-780,78
-790,79
-800,80
-810,81
-820,82
-830,83
-840,84
-850,85
-860,86
-870,87
-880,88
-890,89
-900,90
-910,91
-920,92
-930,93
-940,94
-950,95
-960,96
-970,97
-980,98
-990,99
-1000,100
-1010,101
-1020,102
-1030,103
-1040,104
-1050,105
-1060,106
-1070,107
-1080,108
-1090,109
-1100,110
-1110,111
-1120,112
-1130,113
-1140,114
-1150,115
-1160,116
-1170,117
-1180,118
-1190,119
-1200,120
-1210,121
-1220,122
-1230,123
-1240,124
-1250,125
-1260,126
-1270,127
-1280,128
-1290,129
-1300,130
-1310,131
-1320,132
-1330,133
-1340,134
-1350,135
-1360,136
-1370,137
-1380,138
-1390,139
-1400,140
-1410,141
-1420,142
-1430,143
-1440,144
-1450,145
-1460,146
-1470,147
-1480,148
-1490,149
-1500,150
-1510,151
-1520,152
-1530,153
-1540,154
-1550,155
-1560,156
-1570,157
-1580,158
-1590,159
-1600,160
-1610,161
-1620,162
-1630,163
-1640,164
-1650,165
-1660,166
-1670,167
-1680,168
-1690,169
-1700,170
-1710,171
-1720,172
-1730,173
-1740,174
-1750,175
-1760,176
-1770,177
-1780,178
-1790,179
-1800,180
-1810,181
-1820,182
-1830,183
-1840,184
-1850,185
-1860,186
-1870,187
-1880,188
-1890,189
-1900,190
-1910,191
-1920,192
-1930,193
-1940,194
-1950,195
-1960,196
-1970,197
-1980,198
-1990,199
-2000,200
-2010,201
-2020,202
-2030,203
-2040,204
-2050,205
-2060,206
-2070,207
-2080,208
-2090,209
-2100,210
-2110,211
-2120,212
-2130,213
-2140,214
-2150,215
-2160,216
-2170,217
-2180,218
-2190,219
-2200,220
-2210,221
-2220,222
-2230,223
-2240,224
-2250,225
-2260,226
-2270,227
-2280,228
-2290,229
-2300,230
-2310,231
-2320,232
-2330,233
-2340,234
-2350,235
-2360,236
-2370,237
-2380,238
-2390,239
-2400,240
-2410,241
-2420,242
-2430,243
-2440,244
-2450,245
-2460,246
-2470,247
-2480,248
-2490,249
-2500,250
-2510,251
-2520,252
-2530,253
-2540,254
-2550,255
-2560,256
-2570,257
-2580,258
-2590,259
-2600,260
-2610,261
-2620,262
-2630,263
-2640,264
-2650,265
-2660,266
-2670,267
-2680,268
-2690,269
-2700,270
-2710,271
-2720,272
-2730,273
-2740,274
-2750,275
-2760,276
-2770,277
-2780,278
-2790,279
-2800,280
-2810,281
-2820,282
-2830,283
-2840,284
-2850,285
-2860,286
-2870,287
-2880,288
-2890,289
-2900,290
-2910,291
-2920,292
-2930,293
-2940,294
-2950,295
-2960,296
-2970,297
-2980,298
-2990,299
-3000,300
-3010,301
-3020,302
-3030,303
-3040,304
-3050,305
-3060,306
-3070,307
-3080,308
-3090,309
-3100,310
*10,1,3
*20,3,2,1
*30,3,2
*40,4,3,1
*50,2,5,3
*60,3,2,4
*70,2,1
*80,3,2
*90,5,2,3
*100,2,4,1
*110,2,1,4
*120,1,3
*130,3,5
*140,3,2
*150,4,3,1
*160,2
*170,3,1,4,2
*180,4,2,1
*190,5,2,1
*200,4,5
*210,1,4,5,3
*220,4,1
*230,3,2,1
*240,5,1,2
*250,2,4
*260,3,5
*270,3,4,2
*280,4,2,3,1
*290,1,2
*300,1,3,5,4
*310,5,1
*320,1,4
*330,5,3,1
*340,5,3
*350,1,4,3
*360,4,5
*370,2,4
*380,1,5,3
*390,2,5,4
*400,3,4
*410,3,5
*420,1,2
*430,4,1,5
*440,3,5
*450,1,5
*460,1,5,2,3
*470,1,4
*480,1,3,5
*490,1,5,4
*500,4,5,1
*510,1,5
*520,2,5,4
*530,2,3
*540,4,5
*550,1,5
*560,5,3,2
*570,2,4
*580,1,2,4
*590,5,2,3,1
*600,1,3,4,5
*610,3,1
*620,5,2,1,3
*630,1,5
*640,1,4
*650,5,4
*660,1,5
*670,2,1
*680,4,3
*690,3,4
*700,4,5,2
*710,4
*720,4,3
*730,3,1
*740,4
*750,5,4,2
*760,1,5,2,4
*770,4,5,1
*780,3,2,5,1
*790,2,1
*800,5,3,4,1
*810,2,4
*820,2,3,4
*830,4,5
*840,1,5,3,4
*850,1,2
*860,1,3
*870,4,3
*880,2,5,1
*890,5,4,1
*900,3,1
*910,3,5
*920,4,3
*930,2,3,5
*940,4,3
*950,2,3,4,1
*960,2,3
*970,3,2
*980,4,2,3
*990,2,3,1,4
*1000,4,2
*1010,3
*1020,3
*1030,2,1
*1040,2,3
*1050,2,3
*1060,1,2
*1070,2,4
*1080,5,3
*1090,5,4
*1100,3,5
*1110,1,4,2
*1120,2,4,5,3
*1130,1,2,4
*1140,3,5
*1150,4,1
*1160,3,4
*1170,3,4,1
*1180,3,4,1
*1190,5,4
*1200,4,1,5
*1210,5,4,3,1
*1220,1,2
*1230,3,4,2
*1240,2,4
*1250,3,2,1
*1260,3,4,2
*1270,5,1
*1280,3,1
*1290,2,5
*1300,3,1
*1310,1,2,4
*1320,5,4,3,1
*1330,1,4,5
*1340,5,3,2
*1350,5,3,2
*1360,1,4
*1370,1,3
*1380,5,3
*1390,5,3,1
*1400,2,3
*1410,3,1
*1420,2,5,3,1
*1430,5,3,2
*1440,5,4,2
*1450,4,3
*1460,2,4
*1470,2,1
*1480,3,2
*1490,4,1
*1500,3,4
*1510,1,4,5
*1520,3,1
*1530,5,3
*1540,4
*1550,1,2,5
*1560,2,4
*1570,5,4,1
*1580,5,3
*1590,5,3
*1600,3,4
*1610,3,2
*1620,4,1,3
*1630,5,3
*1640,3,4
*1650,1,5
*1660,5,4
*1670,4,3,1
*1680,3,1,4
*1690,3,2,4
*1700,3,1,4
*1710,1,4,2
*1720,5,2
*1730,4,3,2
*1740,4,2
*1750,3,1,2
*1760,2,1,4
*1770,1
*1780,4,5
*1790,2,1,4
*1800,2,1,5
*1810,2,5
*1820,1,4,2
*1830,4,1,2
*1840,2,5
*1850,2
*1860,4,3,1
*1870,4,3,5,2
*1880,4,3,2
*1890,4
*1900,2,5
*1910,1,4
*1920,2,4
*1930,5,2,3
*1940,5,3
*1950,2,5,3
*1960,2,3
*1970,5,4
*1980,5,1
*1990,2,1
*2000,4,1
*2010,3,5
*2020,2,4,3,1
*2030,1,3
*2040,2,5,3
*2050,2,5,1
*2060,4,3,1
*2070,1,3
*2080,2,5,3
*2090,3,1
*2100,1,5
*2110,5,3,1,4
*2120,3,4,2
*2130,5,4
*2140,4,2
*2150,2,4,3
*2160,1,4
*2170,4,5,1
*2180,3,1,4,5
*2190,2,4,5,1
*2200,3,1,4
*2210,2,4,5
*2220,3,5
*2230,3
*2240,4,1,2
*2250,5,1,3
*2260,5,1
*2270,1,2
*2280,4,2
*2290,4,3
*2300,3,1,2
*2310,3,5,4
*2320,4,1
*2330,3,2,5
*2340,2,3,1
*2350,1,2
*2360,3,2
*2370,3,2
*2380,1,2
*2390,3,4
*2400,5,4,2
*2410,4,2,5
*2420,4,3,2
*2430,5,2
*2440,1,2,4
*2450,2,5,3
*2460,2,4
*2470,3,5,4
*2480,4,3,2
*2490,3,4,2
*2500,3,4
*2510,5,4,3
*2520,5,3
*2530,1,4
*2540,1,5,4
*2550,5,4
*2560,5,1
*2570,3,1
*2580,5,3,1
*2590,5,4
*2600,2,3
*2610,1,2,4
*2620,3,4
*2630,3,2
*2640,2
*2650,4,5
*2660,2,3
*2670,4,5,2,1
*2680,3,1
*2690,1,5
*2700,2
*2710,1,5
*2720,4,3
*2730,4,5,3,1
*2740,1,5
*2750,2,3
*2760,5,2
*2770,3,2
*2780,4,3,1,5
*2790,2,1,4
*2800,2,3,4
*2810,5,2
*2820,4,1
*2830,2,5,1
*2840,3,4
*2850,4,3
*2860,1,5
*2870,1,4
*2880,5,2,4
*2890,3,1
*2900,5
*2910,1,2,4
*2920,3,4
*2930,2,4
*2940,4,3,2
*2950,4,3
*2960,5,1
*2970,4,3
*2980,1,5,2
*2990,4,5
*3000,4,5
*3010,1,3
*3020,4,1
*3030,4,2,5
*3040,1,3,4
*3050,1,4,2
*3060,2,3,1
*3070,4,2,1
*3080,3,4,1
*3090,5,3,4
*3100,3,2
>10,6
>20,6
>30,6
>40,6
>50,6
>60,6
>70,6
>80,6
>90,6
>100,6
>110,6
>120,6
>130,6
>140,6
>150,6
>160,6
>170,6
>180,6
>190,6
>200,6
>210,6
>220,6
>230,6
>240,6
>250,6
>260,6
>270,6
>280,6
>290,6
>300,6
>310,6
>320,6
>330,6
>340,6
>350,6
>360,6
>370,6
>380,6
>390,6
>400,6
>410,6
>420,6
>430,6
>440,6
>450,6
>460,6
>470,6
>480,6
>490,6
>500,6
>510,6
>520,6
>530,6
>540,6
>550,6
>560,6
>570,6
>580,6
>590,6
>600,6
>610,6
>620,6
>630,8
>640,8
>650,8
>660,8
>670,8
>680,8
>690,8
>700,8
>710,8
>720,8
>730,8
>740,8
>750,8
>760,8
>770,8
>780,8
>790,8
>800,8
>810,8
>820,8
>830,8
>840,8
>850,8
>860,8
>870,8
>880,8
>890,8
>900,8
>910,8
>920,8
>930,8
>940,8
>950,8
>960,8
>970,8
>980,8
>990,8
>1000,8
>1010,8
>1020,8
>1030,8
>1040,8
>1050,8
>1060,8
>1070,8
>1080,8
>1090,8
>1100,8
>1110,8
>1120,8
>1130,8
>1140,8
>1150,8
>1160,8
>1170,8
>1180,8
>1190,8
>1200,8
>1210,8
>1220,8
>1230,8
>1240,8
>1250,10
>1260,10
>1270,10
>1280,10
>1290,10
>1300,10
>1310,10
>1320,10
>1330,10
>1340,10
>1350,10
>1360,10
>1370,10
>1380,10
>1390,10
>1400,10
>1410,10
>1420,10
>1430,10
>1440,10
>1450,10
>1460,10
>1470,10
>1480,10
>1490,10
>1500,10
>1510,10
>1520,10
>1530,10
>1540,10
>1550,10
>1560,10
>1570,10
>1580,10
>1590,10
>1600,10
>1610,10
>1620,10
>1630,10
>1640,10
>1650,10
>1660,10
>1670,10
>1680,10
>1690,10
>1700,10
>1710,10
>1720,10
>1730,10
>1740,10
>1750,10
>1760,10
>1770,10
>1780,10
>1790,10
>1800,10
>1810,10
>1820,10
>1830,10
>1840,10
>1850,10
>1860,10
>1870,10
>1880,10
>1890,10
>1900,10
>1910,10
>1920,10
>1930,10
>1940,10
>1950,10
>1960,10
>1970,10
>1980,10
>1990,10
>2000,10
>2010,10
>2020,10
>2030,10
>2040,10
>2050,10
>2060,10
>2070,10
>2080,10
>2090,10
>2100,10
>2110,10
>2120,10
>2130,10
>2140,10
>2150,10
>2160,10
>2170,10
>2180,12
>2190,12
>2200,12
>2210,12
>2220,12
>2230,12
>2240,12
>2250,12
>2260,12
>2270,12
>2280,12
>2290,12
>2300,12
>2310,12
>2320,12
>2330,12
>2340,12
>2350,12
>2360,12
>2370,12
>2380,12
>2390,12
>2400,12
>2410,12
>2420,12
>2430,12
>2440,12
>2450,12
>2460,12
>2470,12
>2480,12
>2490,12
>2500,12
>2510,12
>2520,12
>2530,12
>2540,12
>2550,12
>2560,12
>2570,12
>2580,12
>2590,12
>2600,12
>2610,12
>2620,12
>2630,12
>2640,12
>2650,12
>2660,12
>2670,12
>2680,12
>2690,12
>2700,12
>2710,12
>2720,12
>2730,12
>2740,12
>2750,12
>2760,12
>2770,12
>2780,12
>2790,12
>2800,12
>2810,12
>2820,12
>2830,12
>2840,12
>2850,12
>2860,12
>2870,12
>2880,12
>2890,12
>2900,12
>2910,12
>2920,12
>2930,12
>2940,12
>2950,12
>2960,12
>2970,12
>2980,12
>2990,12
>3000,12
>3010,12
>3020,12
>3030,12
>3040,12
>3050,12
>3060,12
>3070,12
>3080,12
>3090,12
>3100,12
