10,20,30,40,50,60,70,80,90,100,110,120,130,140,150,160,170,180,190,200,210,220,230,240,250,260,270,280,290,300,310,320,330,340,350,360,370,380,390,400,410,420,430,440,450,460,470,480,490,500
1,2,3,4,5,6,7,8,9,10,11,12,13,14,15,16,17,18,19,20,21,22,23,24,25,26,27,28,29,30,31,32,33,34,35,36,37,38,39,40,41,42,43,44,45,46,47,48,49,50
2,2,2,2,2,2,2,2,2,2,4,4,4,4,4,4,4,4,4,4,5,5,5,5,5,5,5,5,5,5,5,5,5,5,5,6,6,6,6,6,6,6,6,6,6,6,6,6,6,6
4,4,4,4,4,4,4,4,4,4,4,4,4,4,4,4,4,4,4,4,5,5,5,5,5,5,5,5,5,5,5,5,5,5,5,6,6,6,6,6,6,6,6,6,6,6,6,6,6,6
1,2,3,4,5
1
1315,1517,171930,192130
1,2,3,4,5,6,7,8,9,10
-10,1
-20,2
-30,3
-40,4
-50,5
-60,6
-70,7
-80,8
-90,9
-100,10
-110,11
-120,12
-130,13
-140,14
-150,15
-160,16
-170,17
-180,18
-190,19
-200,20
-210,21
-220,22
-230,23
-240,24
-250,25
-260,26
-270,27
-280,28
-290,29
-300,30
-310,31
-320,32
-330,33
-340,34
-350,35
-360,36
-370,37
-380,38
-390,39
-400,40
-410,41
-420,42
-430,43
-440,44
-450,45
-460,46
-470,47
-480,48
-490,49
-500,50
*10,4,5
*20,3,4
*30,4,5
*40,1
*50,5,3,2,1
*60,4,5
*70,2,3
*80,2,5,1
*90,5,3,2
*100,4,1
*110,5
*120,1,5,3
*130,3
*140,3,2,4
*150,5,4
*160,2,1
*170,1
*180,2,4,5
*190,5,1
*200,3,1
*210,5,1,2,4
*220,2,1
*230,5,1,4,3
*240,5,3
*250,3
*260,1
*270,3,2
*280,3
*290,4,2,5,1
*300,4,3,1
*310,3,2
*320,3
*330,4,5
*340,4
*350,4,5
*360,1,3
*370,1
*380,4,5
*390,1,3,4,2
*400,5
*410,5
*420,4,2
*430,5
*440,5
*450,4,1
*460,2,3,4
*470,4,2
*480,1,3
*490,5,4,3
*500,5,4,1
>10,6
>20,6
>30,6
>40,6
>50,6
>60,6
>70,6
>80,6
>90,6
>100,6
>110,8
>120,8
>130,8
>140,8
>150,8
>160,8
>170,8
>180,8
>190,8
>200,8
>210,10
>220,10
>230,10
>240,10
>250,10
>260,10
>270,10
>280,10
>290,10
>300,10
>310,10
>320,10
>330,10
>340,10
>350,10
>360,12
>370,12
>380,12
>390,12
>400,12
>410,12
>420,12
>430,12
>440,12
>450,12
>460,12
>470,12
>480,12
>490,12
>500,12
