10,20,30,40,50,60,70,80,90,100,110,120,130,140,150,160,170,180,190,200,210,220,230,240,250,260,270,280,290,300,310,320,330,340,350,360,370,380,390,400,410,420,430,440,450,460,470,480,490,500,510,520,530,540,550,560,570,580,590,600
1,2,3,4,5,6,7,8,9,10,11,12,13,14,15,16,17,18,19,20,21,22,23,24,25,26,27,28,29,30,31,32,33,34,35,36,37,38,39,40,41,42,43,44,45,46,47,48,49,50,51,52,53,54,55,56,57,58,59,60
2,2,2,2,2,2,2,2,2,2,2,2,4,4,4,4,4,4,4,4,4,4,4,4,5,5,5,5,5,5,5,5,5,5,5,5,5,5,5,5,5,5,6,6,6,6,6,6,6,6,6,6,6,6,6,6,6,6,6,6
4,4,4,4,4,4,4,4,4,4,4,4,4,4,4,4,4,4,4,4,4,4,4,4,5,5,5,5,5,5,5,5,5,5,5,5,5,5,5,5,5,5,6,6,6,6,6,6,6,6,6,6,6,6,6,6,6,6,6,6
1,2,3,4,5
2
1315,1517,171930,192130
1,2,3,4,5,6,7,8,9,10
-10,1
-20,2
-30,3
-40,4
-50,5
-60,6
-70,7
-80,8
-90,9
-100,10
-110,11
-120,12
-130,13
-140,14
-150,15
-160,16
-170,17
-180,18
-190,19
-200,20
-210,21
-220,22
-230,23
-240,24
-250,25
-260,26
-270,27
-280,28
-290,29
-300,30
-310,31
-320,32
-330,33
-340,34
-350,35
-360,36
-370,37
-380,38
-390,39
-400,40
-410,41
-420,42
-430,43
-440,44
-450,45
-460,46
-470,47
-480,48
-490,49
-500,50
-510,51
-520,52
-530,53
-540,54
-550,55
-560,56
-570,57
-580,58
-590,59
-600,60
*10,2,1
*20,5,2,4,3
*30,1,5
*40,3,2,4
*50,2,1
*60,1,4
*70,2,4
*80,2,5,3
*90,1,3
*100,3,1,4,5
*110,2,1,3
*120,5,4
*130,3,4,5
*140,4,2,5
*150,5,3
*160,3
*170,4,2,3
*180,3,5
*190,4,1,3
*200,4,2
*210,2
*220,5,3,1
*230,2,4
*240,3,5,1
*250,3,4
*260,3,4
*270,3,1
*280,1,2,3
*290,1,2
*300,3,4
*310,2,5,3
*320,1,4
*330,5
*340,2,3,5
*350,3,2
*360,5,2
*370,5,1
*380,3,4,5
*390,2,1,3,4
*400,5,4
*410,4,5,1
*420,4,5,2
*430,3,2,4
*440,4,2,1
*450,4,1
*460,1,5
*470,3,5
*480,2,4,1
*490,5,3
*500,3,4
*510,2,3
*520,4
*530,2,5
*540,3
*550,4,3
*560,3,1
*570,5,3,1
*580,1,5
*590,3,2,5
*600,5,3
>10,6
>20,6
>30,6
>40,6
>50,6
>60,6
>70,6
>80,6
>90,6
>100,6
>110,6
>120,6
>130,8
>140,8
>150,8
>160,8
>170,8
>180,8
>190,8
>200,8
>210,8
>220,8
>230,8
>240,8
>250,10
>260,10
>270,10
>280,10
>290,10
>300,10
>310,10
>320,10
>330,10
>340,10
>350,10
>360,10
>370,10
>380,10
>390,10
>400,10
>410,10
>420,10
>430,12
>440,12
>450,12
>460,12
>470,12
>480,12
>490,12
>500,12
>510,12
>520,12
>530,12
>540,12
>550,12
>560,12
>570,12
>580,12
>590,12
>600,12
